153610
295630
910747
66863
836276
595921
294430
874115
814042
1317739
1192580
1057776
940496
346619
939582
110361
1245752
677785
19281
908988
295508
1508875
236744
1295890
961854
33743
1498417
986090
535188
1737367
120509
776518
1486160
1591363
499989
889270
1550474
604194
1328662
980392
1358074
499525
244531
1491540
1500704
236358
406972
1255217
241326
967994
608634
811424
163044
144948
1353675
1389199
521251
471641
529203
1514430
1645455
537885
498529
1554943
915680
382112
1588315
901101
307473
52526
1158903
679388
1487200
488890
629780
958108
1625977
1193463
123342
1486301
962808
606701
752437
1139587
1487123
490869
746586
1372415
1491551
1724455
1292455
703432
236648
125533
148795
978003
268347
900295
610570
420807
1501642
1484113
1431428
536723
1597497
1526355
982944
491222
1023375
494593
495028
236740
1588792
288807
579781
602975
235240
1521599
1123438
1618267
734657
945618
1183357
1264808
640230
220904
1724405
69072
1439029
1750097
296675
598128
1333527
1483421
1745027
235992
725757
491488
1631410
430894
89388
1288747
529122
1748096
1264946
491496
746657
529172
820857
153602
621908
1022914
1114122
1007181
490004
245029
27881
1114396
50612
1436432
745255
185064
1655438
1610757
663349
366181
1138207
821785
1381516
844752
1761528
1634795
488319
295535
103481
598915
929624
667150
450007
206840
162238
1535431
431304
1681569
1705716
227310
135127
1358502
828102
899195
377406
488143
1413771
295414
1724962
235773
1702658
1358379
1529457
1012411
1004172
568289
1496693
1674332
340430
798678
489558
409081
1476032
715582
266955
1392489
1143500
294899
902509
497197
331148
133082
1311190
1310421
76382
1677882
746284
1025065
1343221
1110729
265619
906876
374260
1780272
1196845
109870
1713140
1464123
1101514
1257585
782548
914904
130767
1490456
1543663
301665
820645
785331
595058
1631584
891561
1440095
777682
1606188
222653
946278
19379
465938
406100
492013
151156
1441496
1107942
1151969
185557
1212558
497154
1448696
725751
1048454
719305
1257098
1341229
1734372
781142
793792
1133809
1194312
1102373
160081
1609728
1502880
1602280
241180
1309321
777733
235496
1325176
1703824
1137052
700358
1606914
919450
1387532
1329801
58561
12508
130549
1713714
867453
1240085
897159
1650197
873557
545302
884856
89408
1192953
218702
368987
570594
834371
1655784
1390307
387619
565413
1259684
862894
953153
266360
1720295
562074
1398072
1702442
725782
871260
1022973
1489025
1462757
921996
271084
370185
1378009
1205647
1333501
545995
1503753
236732
1535449
81610
1143907
839263
1509780
999497
223728
491535
240991
1084158
1199801
1483525
332261
746605
219985
289421
196866
820518
1569353
710449
1591371
1175184
720643
645747
269829
127693
1152589
1407293
691798
356004
850711
1033287
1094385
889123
746298
450459
1256364
677386
831602
236912
936882
7660
2522
1414512
1432170
1381715
503729
1056294
469930
6269
1358418
1425357
1138186
1045114
1785560
17937
1571847
431395
258732
1307562
722914
838758
364317
1561612
1431414
810136
726235
1489588
1710729
903391
746613
236257
1739430
430030
1143919
491313
552230
1123638
1554863
1244128
928982
635785
691753
1214842
247721
1178907
485172
1740690
1743992
952378
966407
1722797
1170167
1461674
1184245
151170
715806
1487559
1724413
1673280
1427827
236634
1642001
12503
745235
386463
1483231
369175
785312
430031
1025812
990414
781623
840220
86684
677981
1507350
1357779
236217
1122694
840247
781628
1294288
120528
1604716
1739559
1146923
125202
424847
1027381
271211
974149
1086862
189727
1143896
420068
1193272
1512834
888909
99831
763750
1026643
781151
1098622
709887
303063
155523
831774
1115152
1021300
1310433
677752
1538410
781629
908462
701238
1675654
1390266
1050140
821097
1065455
24081
965366
1093602
1398773
501126
1362508
180459
1264729
190205
512213
893257
899021
1713125
416224
458484
456849
1060540
1035291
633632
849424
1621758
1484438
1702510
661963
398624
987736
972454
1376226
1654291
869872
1022395
783445
1048850
1125083
1654285
377754
26416
1710726
946553
1532253
1264792
1745386
76719
1713148
66930
996580
206546
250445
1715863
488355
1160722
911224
563680
766882
781099
1702499
496388
353003
35166
127331
495820
1278865
941384
24137
1341398
97105
1093545
515208
889228
1156611
1486737
263172
78851
1124800
491608
617771
1485803
130991
1780367
247480
1368729
1692108
1128713
891925
1261150
455685
1577615
1500650
417847
1125806
109855
1740809
781134
433678
503864
296628
37214
797728
838445
766268
514024
873953
102261
503755
1239176
304834
750237
1610615
1068202
606902
633492
1093503
1700094
53741
90444
1554913
1376265
70076
1397998
1121844
1433588
615382
1246878
1227458
388012
1451638
68389
295517
1366461
1390024
788704
783461
871947
230785
383017
254086
708216
263077
652177
781186
651431
1236869
47922
936840
383952
102616
141546
1522981
1283201
191835
1043323
121592
1555041
1404449
691781
272005
1427838
1476820
109902
1171608
1255049
263673
781159
640602
764362
746547
259627
1614206
336320
1085169
136253
665730
921628
1094446
1127031
1521636
1071713
195114
937822
725743
1173007
1522653
1276085
916823
785319
1561415
1020933
1495173
748327
783456
1690859
1024201
114958
420219
782585
1491639
439305
1670713
60160
783034
958934
1692070
1433042
781227
1340906
111959
1073620
314507
78681
1116832
783457
1020920
1559324
274058
1623539
918363
94997
1301283
589411
620736
902698
518156
1393504
1481206
1552400
1669342
238387
781154
781117
742646
1295227
981522
746048
1510564
776932
880475
538527
665868
425130
146398
528197
1542575
650808
115926
1750077
221623
741527
719652
1277137
339345
376749
781129
193491
465532
773749
296693
239836
1038188
1715253
374236
1775759
781609
699918
1587878
1524840
749701
1192107
236641
897755
1064922
458123
1156337
50937
1703682
93726
382944
157297
164706
1087608
1770207
236735
135787
785314
834641
554550
170929
1462330
1099628
1667039
1675111
1038720
339754
482459
1230169
1490071
580728
953833
1030671
515373
1238781
781815
1637567
642732
930407
1557727
1114646
369135
1627758
781168
834235
531841
781233
148204
493020
1175122
290661
279870
424630
832829
585917
489938
1575759
602163
568681
236720
264344
1676939
1271157
8956
822164
1104144
1384245
820156
899220
769889
1020178
723352
639568
1057579
726280
469898
1361495
272334
480414
1050829
446919
1173378
1713096
175016
918873
490685
1690430
943905
1001266
1095409
1571134
1189411
85053
247638
826528
158835
1156685
1491035
1427810
89237
122608
280559
694121
1216453
1075122
1419303
11518
903910
1732634
176525
1093482
582332
596642
321053
769620
263221
1366509
1399715
204639
1246447
259702
1261951
237137
1290107
438674
781219
854699
267948
1003910
238400
87061
1610305
1372336
466696
1421781
442507
1714064
395142
1374020
1021564
767759
84105
1654265
1744152
146873
276175
1490375
1145818
474796
259662
355415
1558061
148714
342490
1044430
723189
436705
1389768
497236
1333950
245170
1247103
1734838
1431915
466867
342902
151042
1139444
781176
1758048
1053132
1240664
814290
909125
485578
502814
243254
1514406
1304684
1358414
690305
530006
1471573
1311758
1422323
1043220
1613437
1174237
148831
1712367
547187
809489
918369
700088
51187
860122
354354
721272
238596
786398
219687
492292
1203777
739203
1485417
1732686
1201128
104737
1544204
1494825
1023443
131331
832649
1487100
1186183
512395
1237543
694190
1025241
357209
1256001
1535155
1733267
494141
699745
305693
1136385
550487
263003
18641
260509
293200
727342
1625780
1296039
783452
449347
710228
805895
1310416
