814042
1214842
1264946
874115
244531
535188
604194
1245752
677785
910747
498529
940496
961854
1358074
33743
1508875
579781
236744
537885
1597497
752437
1295890
679388
499989
595921
296675
294430
110361
610570
980392
986090
144948
153610
450459
499525
1591363
608634
1501642
163044
52526
491488
635785
1748096
1498417
1123438
406972
939582
471641
1554943
382112
1023375
236257
491496
1288747
745255
1550474
836276
811424
621908
967994
1486160
69072
529122
295508
123342
409081
1193463
726235
89388
1139587
236358
19281
153602
1317739
521251
677386
1255217
1484113
606701
889270
1389199
1256364
725757
236740
1625977
1486301
1645455
1737367
901101
1358379
908988
356004
1491551
1739430
1610757
536723
294899
598128
715582
491222
491535
1012411
1004172
1529457
602975
1158903
148795
1634795
958108
120509
1588792
236648
295630
288807
1311190
1413771
1521599
125533
1192580
1328662
962808
810136
1333527
1372415
746657
1514430
430894
978003
1491540
235992
900295
488319
495028
497197
268347
346619
629780
1114122
529203
1057776
430030
241326
982944
1483421
820645
1483525
1743992
109870
1143500
240991
1702658
1487123
1750097
1476032
1184245
1439029
889123
235240
50612
746298
295535
66863
839263
366181
331148
185064
1745027
568289
1436432
488890
1358502
691753
663349
1353675
1152589
1123638
746605
1610305
455685
838758
1614206
430031
1084158
364317
710449
1705716
206840
1022973
1571847
1496693
691798
746586
219985
1094385
369175
1569353
1500704
239836
709887
545995
1381516
598915
1484438
1561612
295414
1292455
1392489
645747
220904
1431428
1264808
1591371
640230
1722797
247721
135127
1025812
1631410
6269
307473
1022914
1138207
529172
494593
820857
1588315
776518
420807
1526355
1143919
722914
966407
850711
1199801
1507350
332261
946553
491608
27881
781629
734657
1642001
125202
1427827
745235
196866
130767
1333501
766882
1122694
1509780
1125806
891925
450007
1310433
677752
1027381
1264729
236732
746547
438674
820252
1728577
910517
1602280
103976
1702510
148831
1700094
1244128
1621758
1115152
296693
155523
941384
1670713
834371
899021
1713714
1376265
615382
1073620
58561
37214
1110729
301665
512213
633632
946278
1257585
1587878
368987
797728
456849
867453
93726
1538410
515208
1715863
180459
822164
562074
439305
891561
1675654
304834
223728
1655784
76719
849424
1503753
1610615
781623
1101514
1196845
1193272
127693
763750
503729
701238
831774
1205647
81610
1535431
1283201
999497
271211
295517
1740690
918363
265619
1673280
782548
1175184
206546
1702499
715806
1487559
828102
289421
928982
965366
469930
431304
1677882
417847
488143
120528
1343221
1007181
1431414
1724413
235773
1724455
844752
820518
489558
665868
974149
903391
1021300
1240085
1294288
1098622
906876
1407293
952378
1462757
1033287
490869
431395
151170
1674332
133082
915680
1724962
387619
227310
1114396
17937
1710729
945618
1487200
1554863
703432
103481
1618267
1761528
1724405
821785
269829
258732
266955
340430
720643
1489588
377406
1170167
1785560
929624
1500650
1310421
236217
1425357
1702442
798678
236634
1138186
902509
374260
1178907
785312
493020
667150
781099
862894
1464123
99831
1376226
1681569
1655438
990414
781628
1146923
485172
1048850
1535449
1307562
230785
1631584
914904
996580
1654285
1483231
1025065
1358418
1414512
746613
1026643
840247
1461674
78851
370185
518156
899195
490004
1604716
1236869
1116832
1357779
1532253
12503
1559324
1440095
840220
746284
1045114
1086862
677981
972454
1398773
1404449
691781
1654291
47922
238387
259627
1125083
1143896
1489025
377754
76382
416224
937822
102616
1060540
781151
936840
1143907
1259684
916823
953153
250445
1255049
1390266
1362508
424847
1050140
420068
869872
503864
466696
921996
501126
24081
1637567
1780272
190205
141546
1261150
