908988
958108
579781
1748096
967994
288807
1486301
1487559
1158903
1427827
1569353
236648
1491551
1588315
746586
940496
521251
677752
610570
236744
978003
494593
1317739
900295
608634
471641
294430
430894
1288747
537885
1486160
223728
235992
840220
1491540
1311190
889123
236358
499989
19281
294899
382112
236740
1012411
1724962
1358379
529122
691753
1710729
331148
901101
1407293
1372415
1292455
677386
961854
1328662
1507350
498529
1591371
781099
606701
945618
782548
52526
889270
980392
78851
798678
489558
420807
491496
820518
1761528
952378
906876
24081
1554863
377406
26416
1073620
439305
227310
545302
1022914
135127
488890
366181
1690859
485172
746298
1023375
295414
663349
1025812
1425357
269829
974149
1205647
1750097
303063
568289
1123438
1431428
332261
821785
1139587
839263
1264946
120509
1101514
503864
1618267
1674332
962808
1554943
1295890
831774
1033287
939582
1413771
136253
734657
307473
431395
899195
1713148
1634795
726235
781623
529172
746284
838445
1283201
1353675
1737367
914904
263077
766882
1501642
89388
1529457
1597497
545995
290661
1026643
1358074
1170167
370185
219985
340430
701238
999497
1705716
6269
424847
430031
746657
235240
602975
1357779
1376226
746605
1125806
66930
677785
69072
715582
745255
1780367
497197
1433042
1214842
786398
1389199
781815
491222
430030
1650197
1775759
1724455
103481
130991
1439029
81610
814042
153610
1535449
1048850
703432
828102
480414
598128
515208
966407
356004
1264808
1378009
1114396
97105
1503753
629780
699918
640230
820645
289421
1588792
1094385
125533
1484113
1114122
102616
550487
431473
929624
1138207
529203
1623539
1022395
144948
844752
781154
176525
840247
1484438
781151
1256364
93726
1189411
1192953
1025065
661963
776518
268347
986090
491488
910747
1020178
1201128
781227
235993
29036
420068
1343221
582332
1143919
1086862
715806
838758
491535
1056294
621908
86684
416224
109870
1681569
499525
1642001
1625977
1745027
409081
123342
1381516
691798
1462757
723352
651431
1571847
869872
1192580
1196845
1487200
133082
1675654
602163
741527
1184245
1123638
339754
1192107
1521636
1403807
218702
491608
1526355
1004172
1255217
536723
725757
11518
1740690
1294288
916823
727342
1486737
645747
1071713
902509
981522
781159
849424
1362508
1295227
1390307
972454
781233
216814
1710726
377754
1173378
1137052
1414512
109902
1227458
891244
1143907
1404449
89408
665730
908462
1419303
266360
1178907
417847
1521599
33743
746613
1561612
1057776
811424
708807
781629
1121844
1489588
84105
68389
1631584
1655438
781205
387619
1431414
1229672
1310499
488143
1606188
1713096
805895
47922
1203777
589411
180459
834371
1230169
1333527
1160722
958934
746547
873557
1655784
1084158
1075122
781628
820857
606902
1724413
222653
1483231
295535
1610757
1193463
236257
1508875
836276
1686171
831602
70076
1532253
1487123
162238
1255049
1614206
182974
1030671
1554913
1462330
519560
1240664
314507
1461674
369175
871947
781168
1433588
114958
456849
915680
781197
111959
769889
148795
752437
1490375
1610305
1535431
1392489
1744152
639568
1143500
1739559
918369
1398072
764362
263221
1731461
1610615
748327
266955
919450
1538410
781129
990414
120528
1677882
1550474
810136
1739430
535188
1645455
224623
1750077
382944
529146
1586798
1386491
1135367
1464663
1259684
170929
1310421
127693
900309
1373835
1104144
1724405
239836
433678
832829
196866
1007181
615382
1481206
799703
891561
1358418
1483525
746048
1174237
263172
1165480
809489
1369903
50937
700358
1307562
141546
1156611
357209
781186
1760594
1722797
1261951
1690430
236732
443735
148204
1522981
1422323
814290
236634
1713714
189214
1351968
1514430
1399715
1143896
710449
383017
1703682
1244128
503729
1027234
617771
1045114
1471573
1236869
1500650
788704
1673280
1098622
996580
1785560
490869
488319
604194
1591363
495028
406972
595921
1544204
783302
237137
1487100
785434
354354
1333678
802873
899021
899220
1043220
1376265
1524840
852925
776932
596642
496388
1654285
781219
1043323
745246
1770207
565413
431410
1514406
482459
1604716
27250
274058
191835
1333501
745235
247638
721272
290474
1713125
127331
850711
245170
1561415
844609
888139
251443
797728
296628
147960
785319
725743
106830
386463
880475
1003910
1731407
163360
1115152
425130
746617
1484878
890072
1171608
1427810
302514
1193272
1745386
1311758
432797
781176
829794
234340
47618
1755737
242543
1489025
76719
866703
1734372
884856
240991
102261
1740809
1774171
773749
1554923
1050140
1114646
781117
822164
1050829
235773
304834
1366461
1743992
490733
987736
1277137
1199801
633492
1702499
442507
816246
1670713
1783103
1027124
554550
1377994
965366
834235
930502
1621758
167639
53741
783445
841061
146398
1398773
1761147
667150
250445
241326
677981
1366509
353003
1713140
71362
1715863
346619
1476032
295508
1490456
530006
563098
512138
1131898
1472051
785382
210433
1423547
1007684
608841
953153
276175
821145
1165495
691330
175126
1356814
116797
1700820
501870
157726
221623
1358502
661995
781619
776555
819921
1487480
373198
1702514
1587878
725782
1037933
893257
1057579
817676
1481338
288118
1122694
510656
1423570
1489123
1020933
135787
817721
1277555
936840
515373
430852
1765385
851385
1713133
694121
1509780
1239176
1197918
1146923
878501
383952
265065
374260
820075
1102373
1325176
1226730
763750
446919
783034
1243534
1431915
1037720
1355723
1181438
1257098
767759
783457
785331
509100
1593588
694190
466867
1176498
230785
1564031
847376
727023
1020881
376749
2522
1571134
79008
241180
1631410
1542575
1694683
146873
495820
122608
897159
469930
1104008
271084
852374
392974
157297
1687908
344497
941384
493020
52565
1374020
342902
1397998
781134
930730
424630
788760
1021300
1381715
1373768
125202
485975
175016
1702658
243254
1038720
206840
1757940
342490
1333950
769620
1713089
1044430
1115859
271211
654991
1024201
1127031
1245167
1715253
1039089
512395
489938
1128713
1464123
518156
820156
263673
800456
301665
104737
1022973
626509
364317
1711740
35166
821097
888909
1023443
391873
722033
1384245
13834
115926
1175184
897755
272005
420219
382979
642732
267948
236735
834641
982944
777682
12503
1404431
1278865
157249
1086773
1732686
1512834
1543169
1581596
1264792
295517
1555041
86995
1544448
1773174
1710777
193491
1483421
305693
1424168
1060540
1559324
1152589
981144
489431
1349727
158835
1627758
1358414
490004
1393504
109855
217204
665868
1653751
189727
803114
1421759
1710946
247994
318255
271502
682905
785312
247721
620736
1443613
50612
1500704
635785
1498417
1245752
679388
295630
450459
66863
296675
110361
874115
244531
959191
585917
210475
1389768
