814042
295630
1358074
19281
535188
595921
1508875
1597497
471641
910747
153610
1317739
608634
294430
908988
52526
1295890
980392
1501642
604194
986090
1023375
1588315
236358
537885
978003
1245752
1328662
295508
961854
1591363
498529
235240
110361
1625977
1745027
677386
1645455
123342
491488
120509
962808
244531
1486301
236744
901101
50612
1491551
236257
121592
430894
288807
752437
940496
1389199
725757
967994
185064
836276
679388
610570
1554943
66863
1288747
529122
889270
1737367
629780
621908
1353675
1489588
153602
499989
1486160
811424
874115
382112
536723
1500704
488890
163044
346619
939582
602975
1550474
1521599
1591371
1158903
148795
677785
295535
497197
746298
490869
1498417
521251
691753
1484113
236740
889123
1358502
1677882
1702658
235992
1476032
746657
1139587
900295
1123438
915680
663349
235773
1022914
529203
1192580
69072
406972
1004172
1491540
1407293
89388
1610757
236648
1761528
1255217
268347
635785
1554863
958108
579781
1214842
776518
820857
450459
485172
1007181
1724413
151170
1372415
417847
431395
785312
340430
715582
103481
489558
356004
1143919
1514430
180459
430031
488319
703432
491496
364317
745255
1724962
1012411
1436432
945618
125533
144948
1193463
1057776
491222
1529457
999497
1264808
1569353
491535
120528
1483231
424847
1378009
990414
6269
677981
76382
1175184
952378
236217
1740690
720643
1722797
838758
1333527
1170167
1487559
568289
1292455
227310
1094385
1205647
430030
1496693
1311190
1138207
726235
294899
691798
640230
220904
1618267
529172
196866
928982
366181
17937
1535431
1264946
1114122
331148
844752
982944
1381516
33743
1675654
1033287
409081
1439029
850711
296675
1748096
606701
1739430
1256364
1431428
133082
1634795
240991
1123638
420807
1483421
370185
1710729
1561612
1431414
1199801
241326
369175
1705716
219985
1343221
746284
781159
416224
871260
820518
1483525
946553
1146923
1125806
1184245
27881
512213
902509
1535449
781628
785331
68389
1257585
24081
1358418
746547
1043323
862894
651431
245029
1259684
1239176
1523510
155523
247638
781205
514024
35166
781168
1631584
936882
1670713
615382
503864
266360
66930
93726
1489025
606902
1143896
439305
111959
941384
1464123
891561
97105
822164
903391
763750
1425357
1025065
746613
840220
162238
289421
1357779
820645
1484438
1503753
1392489
1413771
223728
127693
828102
1025812
420068
1143500
746605
1427827
734657
746586
1674332
645747
1358379
598128
722914
247721
840247
258732
109870
266955
1571847
798678
710449
494593
135127
1588792
499525
1631410
1604716
810136
745235
1178907
495028
81610
1487200
1743992
295414
1084158
1713140
1526355
1785560
332261
1724455
1487123
307473
1376226
1724405
488143
821785
598915
1196845
1750097
929624
377406
1114396
1614206
899195
1152589
1655438
1026643
709887
1642001
1310421
781629
263673
490004
1654291
1138186
269829
1681569
906876
271211
1507350
1462757
953153
206840
1048850
236634
1500650
1702499
1110729
265619
965366
1398773
781623
206546
1125083
563680
839263
1307562
1230169
1512834
661963
518156
431304
374260
78851
271084
1022395
1101514
450007
1261150
469930
491608
189727
1555041
455685
387619
1538410
1294288
239836
12503
1532253
1577615
99831
501126
974149
1673280
125202
1398072
1045114
570594
295517
1376265
562074
1692108
996580
1461674
1654285
1362508
1240085
1432170
701238
1071713
891925
782548
1390266
966407
781233
781151
911224
677752
102261
296628
1060540
667150
914904
247480
1740809
90444
1193272
1056294
1116832
263172
222653
503729
777682
821097
130991
1780272
170929
921996
1027381
1713148
1171608
831774
1390307
191835
1310433
893257
76719
908462
1414512
1655784
715806
1086862
1283201
1160722
157297
1050140
1610615
884856
1333501
141546
1690859
888909
303063
127331
783461
766882
880475
617771
1715863
1236869
981522
1702442
1554913
725782
301665
899021
1021300
633632
377754
640602
936840
1098622
834371
488355
1692070
1700094
86684
2522
382944
176525
458484
1509780
456849
1244128
937822
748327
386463
383952
130767
236732
1093503
190205
53741
274058
972454
296693
1022973
773749
691781
250445
1122694
1094446
849424
959191
1035291
725743
1173007
869872
130549
918363
1340906
1690430
1433042
1115152
746048
1128713
482459
700358
259627
1124800
1201128
1192953
1143907
1433588
545995
1390024
1543663
1610305
930407
1121844
1485803
495820
321053
1068202
1065455
109855
708216
1710726
60160
781099
1443613
1099628
102616
589411
1440095
353003
838445
1739559
1587878
433678
420219
1606188
398624
490733
1264792
1490071
1637567
694121
1027234
565413
368987
109902
236641
446919
496388
1424168
776932
545302
216814
595058
489938
1713714
1720295
1522981
582838
1715253
1650197
797728
918369
148204
531841
783034
276175
1073620
633492
1264729
438674
854699
783457
493020
1001266
642732
1427838
781815
238400
781176
1490456
466696
785319
230785
1020178
1713125
58561
1246878
146398
515208
1374020
788704
26416
1745386
424630
781117
1093602
148831
7660
1542575
1366509
1404449
304834
290661
602163
1495173
1366461
114958
1024201
1561415
1535155
1514406
195114
1381715
1703682
515373
1368729
1137052
1421781
221623
723352
238387
1775759
832649
29036
916823
1451638
1667039
946278
766268
785314
342490
726280
260509
1732634
665730
89408
626170
263221
383017
1093545
984493
767759
1558061
336320
1020933
1476820
1491240
1552400
1349064
1104144
741527
47922
781609
237137
85053
1278865
987736
1491639
1397998
769889
1609728
218702
1183357
889228
764362
1559324
921628
503755
539431
1702510
1780367
70076
1044430
1731461
582332
580728
1145818
834235
494141
750237
339754
1050829
783445
158835
1295227
37214
1399715
1183303
1623539
897159
1325176
18641
376749
236912
135787
1427810
1744152
465532
395142
272005
1669342
868714
425130
94997
1602280
386469
1563867
1093482
1276085
777733
1489123
1296039
1524840
1277137
462844
1361495
781154
209057
122608
650808
550487
897755
204639
1606914
1114646
769620
1654265
899220
374236
104737
1156611
1543169
1189411
871947
243254
639568
1127031
873953
1175122
263077
781227
23009
782585
115926
1240664
1729572
873557
458123
805895
1393504
1387532
749701
193491
442507
1311758
1064922
781186
267948
1676939
51187
1261951
84105
783456
1153673
272334
78681
1421759
781134
314507
781619
1075122
1389768
1341398
1351968
1174058
809489
1147915
480414
236720
1161884
1710946
1419303
1003910
1089294
1783779
1557727
596642
1521636
12508
223031
528197
665868
847376
388012
449654
24137
175016
1038188
890072
207803
1485417
1304684
318255
1384245
530006
241180
339345
1755737
783452
1053132
1686171
277569
552230
1027124
1085169
781219
1613437
1491035
1557771
1462330
554550
1770207
1142401
1713096
1023443
279870
930502
689951
431473
723189
491313
1227458
1201598
1714064
1522653
1621758
369135
1020920
259662
834641
639006
1329801
1095409
1255049
1174237
867453
217204
857303
1192107
8956
148714
11518
136253
727023
72252
742646
904652
171738
245170
1156337
1242632
719652
652177
781129
538527
832829
1139444
247994
466867
236735
795431
1750077
1734372
1246447
1194312
59735
485578
238596
820252
739203
1748693
1586798
449347
783302
710228
1156685
822699
1760594
1237543
1135367
1201994
1761147
1758048
1673099
1575759
146873
510656
512395
699918
1355723
690305
926424
1711740
786398
1222039
388540
1112998
1733267
930730
87061
219236
943905
1057579
1486737
1134445
620736
282296
357209
1247103
1521700
746617
1758991
585917
354354
1384695
958934
1203777
1581596
691330
167639
1554923
852374
1731407
1358414
958896
1694683
242543
1310499
235496
1336206
