874115
1491551
69072
382112
1486160
1255217
268347
986090
244531
491535
1750097
821785
1724962
1486301
488890
1500704
1634795
288807
901101
1425357
691798
635785
81610
227310
602975
1084158
1022914
1642001
307473
1138207
430030
725757
489558
50612
1033287
497197
499525
691753
529203
606701
1588315
1158903
1358074
223728
144948
1407293
295517
236744
219985
900295
409081
1501642
1677882
6269
1529457
1491540
1569353
1245752
294899
1143919
1487559
568289
961854
148795
236257
766882
1535449
241326
978003
1618267
135127
734657
406972
33743
52526
120509
1025812
1192580
782548
1094385
236634
24081
1610757
1780367
377406
1025065
1713140
967994
746284
726235
235992
488319
1507350
939582
821097
1101514
1007181
621908
103481
89388
1761528
598128
1606188
127693
1381516
746657
677386
629780
1431428
387619
1311190
431395
1554943
1184245
810136
640230
1521599
1561612
1256364
703432
701238
456849
1674332
906876
1483421
798678
663349
781623
1588792
820857
521251
331148
180459
503729
1737367
247721
430031
677752
746605
715582
12503
838445
424847
1152589
1214842
1476032
1591371
430894
1376226
1358379
1739430
781629
1389199
1004172
1292455
781099
196866
667150
1655438
1189411
529172
945618
439305
236358
1143896
78851
420807
838758
289421
356004
776518
1673280
840220
499989
416224
710449
235773
1288747
366181
1333527
1125806
828102
240991
491608
515208
153610
491488
86684
1571847
748327
645747
661963
1503753
999497
1353675
1625977
529122
491222
899195
889123
834371
1048850
494593
490869
1038720
545995
1372415
266360
781219
940496
952378
974149
495028
1785560
1745027
746298
990414
915680
831774
1056294
1439029
953153
110361
1722797
97105
1114396
296628
752437
417847
1413771
1283201
929624
820645
269829
579781
369175
1343221
839263
1427827
1398773
1139587
1205647
840247
1631410
1098622
120528
889270
431304
781628
1060540
