814042
471641
595921
1255217
908988
1491551
535188
604194
529203
1317739
874115
19281
294430
940496
1245752
1597497
288807
679388
153610
244531
236358
1353675
1193463
236648
910747
1358074
110361
579781
89388
1508875
1588792
521251
1521599
236744
1192580
836276
537885
901101
986090
163044
235240
491496
66863
961854
346619
811424
691753
1023375
608634
610570
1588315
497197
33743
725757
498529
488890
1328662
1004172
499525
1625977
1486301
295508
1550474
1012411
1500704
1498417
606701
69072
677386
677785
1491540
1123438
1591363
1389199
1486160
967994
1645455
980392
236257
1292455
635785
1501642
491222
1139587
1311190
1554943
406972
1748096
1295890
529122
529172
499989
294899
1022914
235992
621908
640230
295535
1057776
268347
1737367
715582
602975
1358379
52526
144948
958108
1631410
1214842
296675
629780
50612
1439029
120509
746298
340430
1745027
663349
236740
488319
1138207
1288747
598128
148795
153602
820857
1761528
430894
752437
844752
962808
130767
1724405
1256364
568289
450459
1381516
1158903
915680
746605
269829
488143
1483231
828102
726235
366181
491488
978003
295630
850711
125533
1484113
536723
78851
766882
1500650
1425357
1362508
1432170
999497
1392489
1343221
1025065
1675654
838758
1114122
745255
1569353
490869
1739559
120528
929624
1184245
1114396
703432
331148
1750097
1143500
103481
219985
369175
1724962
1264946
889123
821785
1571847
430030
1509780
1743992
645747
133082
1618267
1529457
1487123
1554863
1143919
1476032
1739430
123342
135127
1674332
820518
889270
776518
1487559
382112
952378
900295
710449
939582
1514430
489558
356004
185064
1610757
245029
68389
1378009
247480
1122694
1171608
503755
699918
501917
1361256
811493
1216453
151042
822699
1037720
1493302
1533719
1136385
1341398
582332
243254
726280
1153324
1093482
1703682
236912
1310499
1134445
781186
1276085
1023443
1621758
1153673
1020178
259702
749701
1093545
1451638
1427838
820252
781176
465532
1404449
304834
363854
35166
781168
216814
59735
1543169
1173007
1587878
339345
155523
1050140
114958
781609
26416
723352
369135
1020920
489938
748327
148204
515208
1650197
12508
109855
76719
1259684
1026643
958934
446919
781233
170929
496388
1720295
640602
1538410
47922
111959
121592
650808
1239176
146398
545302
495820
424630
70076
1490456
1376265
746547
58561
1056294
158835
1098622
1690859
1261150
190205
296693
1022395
175016
694121
1745386
873953
368987
1614206
1024201
24081
455685
1710726
781159
162238
1702510
946553
503729
458484
236641
633632
1390307
1043323
1278865
840247
230785
236732
1246878
946278
615382
1357779
565413
781628
206840
180459
1464123
1715863
236217
918363
1433588
1655784
937822
1027381
562074
831774
1116832
1702442
97105
701238
1236869
1192953
990414
820645
1555041
1604716
6269
66930
1101514
1702499
996580
1485803
386463
469930
1065455
1138186
512213
953153
271211
1673280
1143907
1093503
157297
1115152
490004
1503753
1128713
1333501
746613
271084
1483525
821097
1431414
1257585
1160722
782548
76382
1724413
431395
1193272
839263
1785560
966407
781623
1376226
370185
431304
1358418
1487200
746284
840220
247721
598915
206546
1413771
1681569
667150
295414
1407293
1333527
1199801
377406
1705716
1358502
1677882
1310421
240991
1175184
430031
1007181
1170167
1178907
1427827
235773
722914
258732
1152589
1431428
1264808
1033287
1654285
1127031
1623539
972454
903391
1398773
785319
387619
518156
891561
1086862
862894
236634
1654291
1722797
109870
891925
332261
289421
1196845
720643
906876
1084158
1146923
220904
17937
1535449
1507350
1436432
734657
1535431
491535
1561612
266955
495028
485172
227310
409081
494593
691798
420807
781099
661963
241326
1294288
1489588
1591371
81610
151170
945618
982944
746657
1123638
746586
27881
307473
1740690
810136
1526355
1724455
1372415
1702658
1710729
1642001
1634795
785312
928982
1496693
798678
127693
1205647
1483421
1094385
417847
715806
1022973
125202
424847
223728
709887
545995
1307562
1025812
763750
364317
1021300
1125806
902509
1655438
420068
1461674
1484438
1713140
1780272
838445
899195
1110729
1137052
911224
266360
888909
1462757
265619
295517
303063
936840
491608
12503
196866
914904
1125083
1045114
725743
677752
563680
834371
189727
1283201
745235
374260
889228
503864
1143896
767759
1310433
1577615
515373
1489025
965366
488355
130549
781629
1035291
602163
785331
416224
677981
849424
439305
450007
1398072
1414512
1490071
1427810
263172
1068202
797728
691781
783445
974149
1156611
869872
250445
1775759
1732634
633492
90444
99831
1532253
871260
1440095
377754
1240085
822164
1366461
259627
1093602
353003
238387
893257
1099628
606902
382944
1690430
493020
456849
1390266
130991
1631584
218702
781134
1543663
1390024
383017
1610615
1121844
1606188
783461
1020933
880475
222653
805895
781219
783457
987736
921996
899021
916823
1048850
1602280
136253
296628
766268
1064922
127331
466696
725782
764362
501126
1421781
777682
60160
398624
1692070
274058
193491
930407
336320
1071713
1264729
1514406
102261
773749
37214
321053
1670713
589411
86684
1731461
1124800
700088
1325176
1713125
1374020
1244128
89408
897159
1667039
1486737
1060540
374236
1554913
617771
1512834
1094446
247638
1044430
908462
941384
1654265
301665
741527
2522
24137
480414
1552400
867453
236735
746048
1001266
1559324
514024
1139444
595058
1780367
141546
420219
783456
85053
1728577
433678
552230
342490
491313
1700094
1713148
1277137
1368729
782585
458123
1381715
383952
1201128
449654
1755737
191835
78681
1192107
817721
267948
263673
388012
425130
1053132
482459
528197
1740809
135787
1535155
314507
781117
1563867
1227458
852925
1397998
1264792
1361495
436705
7660
195114
1692108
570594
781151
832649
1491639
1145818
783302
1427398
1075122
1340906
109902
665730
1637567
1422323
1462330
708216
238400
272005
276175
1085169
290661
1431915
150068
700358
1715253
1230169
788704
1271157
854699
873557
620736
1729572
1610305
884856
1256001
769889
1261951
53741
1476820
665868
1522981
395142
221623
596642
1424168
1676939
239836
236720
1104144
241180
1710946
769620
781815
1366509
102616
1038188
783452
890072
959191
783034
1421759
781154
781227
1393504
921628
847376
1238781
1731407
742646
776932
850026
1713714
1311758
897755
981522
539431
652177
626170
1713096
223031
1606914
781129
1050829
984493
834641
93726
834235
1247103
148831
1438283
1073620
1783779
263077
764820
1522653
1255049
280559
1669342
1502880
936882
582838
642732
1524840
279870
1175122
1174237
781205
1260511
94997
259662
1419303
899220
1399715
841061
903910
739203
1712367
415097
1030671
1715668
694190
490733
1387532
882801
72252
438674
148714
1290107
531841
1329801
386469
462844
1135367
1174058
376749
1750077
1003910
750237
86995
84105
530006
773685
29036
354354
1173378
1203777
1433042
1027124
442507
871947
1114646
1027234
237137
723189
1557727
1557771
1490375
1575759
1609728
1561415
1495173
260509
904652
926424
1694683
1102373
1389768
406334
1571134
339754
1637836
494141
1303932
1021564
1554923
501043
710228
1613437
502814
1161884
1358414
497154
1038720
1355723
727342
554550
431473
725935
109950
115926
1085688
1703824
1521636
1142401
159593
1443613
547187
651431
485578
832829
1264948
1487100
238596
538527
809489
814290
1304684
1309321
146873
1501247
954597
50937
852374
1770207
209057
1523510
616826
469898
785314
1583232
1295227
1676133
1336206
699745
1242632
8956
1025241
1558061
776555
1156337
984500
639568
245176
1744152
122608
355415
171738
140331
580728
1521700
757087
1384245
1593588
176525
1147915
746617
318255
785434
820156
868714
1634801
959227
1485417
777733
342902
529449
104737
918369
1156685
263003
432797
1296039
657626
164706
997386
1246447
204639
608841
1087608
727023
719652
1712528
1734372
1748693
18641
826528
585917
1349064
1761147
219236
1010821
799703
526817
466591
1758991
306942
288118
89237
1277555
867700
1316275
254086
1111271
1095409
1491240
1675111
1760594
1491035
311288
1758048
1544204
708807
1089294
1581596
235496
1337681
609196
242543
1490230
245170
1057579
490685
1542575
639006
305693
919450
1494825
1401685
1466572
654991
381400
1274246
1183357
1673099
357209
1733267
1333535
87061
1711740
745246
1403807
1115859
1240664
217204
781627
173968
1783103
788760
492292
568681
1037739
900309
529146
293127
866423
750872
1114783
510163
690305
953833
302514
1112998
1376721
1186183
1247924
1146898
1310416
264344
198617
909125
290474
11518
1464663
1104008
1351968
1770345
151119
272334
550487
1189411
391873
588494
1060659
1194312
1043220
1384695
497236
502737
501870
372465
1333950
700098
1689792
259494
721272
1714064
51187
1335263
1324188
723821
371888
47618
1758760
466867
388540
1340157
1142560
27326
517759
785470
275485
967316
219687
449347
1510564
1627758
930730
20977
622753
559109
433608
1446519
1174022
23009
1603779
103976
282296
1201598
1489123
150981
726932
1586798
1237543
786398
1362859
820075
1434139
1423570
662418
106830
1391122
202683
1009038
560108
763763
760855
939741
52565
830183
21561
489431
1619917
1702514
943905
1153094
109882
765719
825808
1165495
1435513
343531
199546
698211
1773174
108221
505022
377385
1039382
510054
485975
802873
157726
816246
542433
1551265
1481338
1698585
1770329
1106023
1125360
1549922
1373835
160081
1612950
1415325
247994
959206
781142
216966
474796
1687908
1484878
1547067
355502
608843
1125177
1219557
644610
353694
430041
1487987
1067992
551781
489765
1471573
235993
198863
13834
