535188
471641
498529
1245752
1645455
814042
529122
986090
610570
346619
679388
295630
980392
1508875
295508
1358074
153610
595921
1023375
499989
153602
1509780
1476032
1484113
1597497
295535
961854
874115
1501642
1328662
836276
52526
1588315
1550474
1192580
1591363
1022914
1554943
296675
521251
910747
604194
236744
66863
1295890
908988
811424
288807
1724455
110361
1498417
382112
579781
235992
1486160
1486301
1193463
499525
978003
1255217
1288747
1491551
235240
901101
340430
752437
967994
1317739
497197
536723
1491540
220904
1123438
940496
677785
236648
1625977
121592
1724962
746298
1737367
1094385
1114122
734657
1514430
1033287
598128
19281
663349
123342
889270
163044
537885
606701
244531
430030
294430
1750097
491222
1143919
495028
236257
356004
1618267
820857
726235
939582
120509
1012411
1372415
635785
125533
725757
307473
677386
148795
135127
1702658
406972
820518
1436432
69072
621908
1431428
236740
488319
151170
369175
1554863
529203
420807
1389199
1743992
488890
491496
821785
1521599
144948
629780
608634
1500704
952378
781628
450007
1264946
491535
450459
1256364
266955
1610757
103481
17937
89388
703432
776518
900295
1139587
294899
982944
1057776
236358
1353675
1487200
945618
1724405
247721
227310
1143500
1591371
1205647
240991
1761528
235773
889123
1152589
1264808
1146923
1358502
1392489
1214842
1358379
722914
962808
958108
1381516
268347
745255
50612
185064
1311190
1739430
409081
491488
489558
1748096
1004172
1407293
258732
1710726
867453
640602
1261150
35166
862894
180459
764362
130549
720643
439305
1122694
377754
1702442
6269
1715863
1378009
821097
1086862
431304
1114396
828102
785312
746284
196866
1710729
820645
1138186
1561612
289421
332261
640230
1745027
1123638
1425357
269829
1427827
839263
1631410
1673280
1025812
127693
485172
840220
746657
1483421
1535431
81610
529172
929624
928982
1724413
