874115
296675
223728
236648
420807
703432
269829
621908
1713140
900295
491496
929624
439305
1427827
431395
494593
1487559
1292455
295517
1033287
889123
430031
746284
332261
268347
78851
820857
289421
1484438
1561612
746298
1170167
1724455
1101514
247721
102261
906876
1591371
958108
602975
828102
1143919
1554863
1022914
81610
640230
781099
1526355
1376226
999497
1152589
1353675
144948
86684
1623539
1724413
1214842
1372415
901101
491535
69072
307473
180459
1378009
294899
1025812
236358
1610757
491222
1634795
103481
715582
701238
1750097
241326
1675654
424847
1785560
485172
219985
382112
781623
1715253
295414
1094385
1125806
691798
1503753
266360
1425357
1205647
820645
1535431
102616
545995
617771
746605
1673280
50612
529172
1073620
1025065
677752
1343221
782548
746586
608634
602163
1121844
710449
222653
266955
369175
1501642
1674332
456849
331148
488890
889270
288807
1439029
1294288
1178907
1004172
1358379
1427810
196866
769889
1500650
1489588
153602
1357779
1264946
416224
1192580
734657
366181
1407293
471641
726235
529122
244531
1158903
1483231
1588315
840220
1114396
873557
972454
822164
982944
1604716
667150
908462
1514430
1737367
752437
218702
1642001
844752
1571847
120509
598128
529203
1486301
52526
1307562
1713148
1086862
1098622
490004
1588792
537885
820518
1431428
382944
1257585
170929
1264808
974149
1489025
766882
356004
635785
450459
1645455
1745027
127693
633492
1655784
250445
1422323
1184245
990414
821097
1196845
1705716
781629
1139587
1739430
1710729
1625977
66930
1199801
781151
1056294
503864
469930
1048850
1433042
645747
952378
235992
1507350
1722797
491608
377406
1398773
723352
1143896
911224
629780
798678
568289
1023375
263077
12503
961854
1122694
235240
135127
820075
342490
665730
921996
850711
1310499
1654291
386463
1743992
1483525
1681569
838758
296628
840247
1487123
1114122
810136
490869
1288747
1550474
6269
1569353
776518
1389199
838445
545302
945618
340430
915680
582332
1740809
123342
663349
781219
236732
781815
488143
783456
773749
1156611
1703682
235773
893257
480414
1160722
130991
1431414
1631584
1020933
97105
953153
1631410
966407
120528
1535449
1677882
499525
33743
1521599
489558
499989
295508
610570
1500704
47922
1256364
677981
227310
661963
518156
263221
914904
109870
353003
781154
1123638
1487200
1311190
89388
1045114
162238
788704
491313
193491
1050140
1676939
1127031
68389
18641
1461674
880475
1192953
1283201
1724405
503729
565413
216814
136253
781129
377754
1710726
417847
1007181
745255
370185
677785
579781
1295890
1670713
654991
814290
304834
1614206
1424168
1362508
834371
1731461
890072
420068
24081
1123438
839263
899195
1084158
1740690
29036
259702
1193272
76382
94997
1462757
111959
745235
550487
1413771
1606188
1443613
725743
1244128
831774
26416
303063
1713096
1333527
639568
781159
1138207
431304
536723
1381516
409081
1498417
725757
980392
11518
785312
430041
1399715
191835
1021300
633632
1022395
1146923
897755
383017
27881
1538410
816246
1230169
891925
1075122
247480
84105
1333950
339754
1621758
1486737
175016
1071713
1702658
109902
1387532
781168
1310421
1060540
748327
1376265
1022973
1026643
1404449
515208
746613
1618267
488319
1328662
1761528
148795
691753
939582
491488
677386
521251
1027234
70076
99831
987736
1760594
71362
176525
1257098
1373835
850026
830183
741527
1581596
148204
615382
1483421
1490456
7660
1414512
891244
265619
1351968
1561415
869872
1587878
746547
236634
1745386
1655438
1521636
722914
1690859
783457
1654285
1392489
1259684
376749
240991
220904
290661
746048
606902
781628
781233
1012411
746657
606701
1748096
430894
1724962
1491551
406972
1484113
836276
372465
1358502
106830
781176
443735
1374020
1143907
374260
1236869
897159
185064
928982
871947
694121
1095409
263172
930502
259627
786398
135787
709887
708807
1143500
781205
902509
884856
1173378
1227458
1239176
1610615
781186
1384245
1038720
936840
1189411
206840
849424
1715863
651431
589411
1027381
715806
936882
109855
93726
387619
962808
967994
986090
236740
1476032
19281
130549
1325176
1758760
76719
1512834
1369903
147960
563680
431473
1770207
1554913
529146
916823
424630
1137052
512395
17937
466867
130767
1637567
720643
1277137
1138186
1240664
1509780
946553
1340906
1555041
482459
493020
1421781
151170
1020920
163044
1757940
1433588
1690430
766268
891561
834235
981522
433678
1192107
1419303
1491639
1366509
783461
1713125
133082
996580
1486160
125533
814042
295535
821785
497197
1554943
604194
498529
1255217
811424
940496
768411
121592
374236
1702499
785380
1759519
596642
1010821
1125083
1490375
776932
1481338
1277555
1068202
1114646
391873
1732634
519560
640602
1260511
357209
90444
1702514
1750077
1368729
302514
554550
314507
1311758
1003910
781117
236735
263003
217204
1240085
805895
785331
1174237
230785
888909
965366
296693
727023
318255
1490071
1139444
764362
189727
495820
1780367
1650197
832829
903391
1050829
783445
141546
1043323
1087608
1030671
1529457
679388
1057776
1317739
346619
1491540
295630
236257
908988
1329801
1733267
513658
489431
1099628
878501
224623
1489123
1366461
1295227
1057579
489938
261787
1464123
1440095
1403807
822759
1744152
809489
1773174
267948
323797
1128713
1702442
386469
1571134
245029
1711740
941384
339345
50937
1183357
1261150
146873
219687
1521700
1171608
1153324
727342
1255049
127331
1043220
462844
158835
785319
236217
721272
1027124
490733
919450
1349064
1495173
1393504
274058
1610305
1115152
404365
1264792
190205
114958
420219
1761147
1427838
1514406
1481206
1535155
492292
1421759
781227
1390307
383952
1775759
1544448
430030
1193463
294430
153610
750237
501870
510163
973122
