908988
874115
296675
1328662
50612
1033287
1550474
406972
1170167
1012411
715582
1427827
346619
450459
1023375
295508
1761528
840220
1591363
1642001
535188
52526
498529
1500704
1245752
495028
691798
962808
606902
745255
19281
1255217
491488
491222
1295890
236648
766882
235240
1569353
1158903
537885
961854
66863
900295
610570
958108
1311190
120509
236257
746586
781623
691753
1780367
268347
227310
746613
294430
236358
1372415
503864
679388
1591371
781099
420807
366181
1634795
746298
1205647
1529457
939582
489558
430030
1123438
1486301
1378009
223728
1508875
1705716
811424
820518
966407
295630
1507350
1501642
1292455
974149
424847
782548
1645455
980392
135127
889270
1561612
952378
873557
120528
377406
1114396
1358074
1674332
1317739
491496
635785
677752
617771
1739430
1745027
494593
356004
1381516
746605
677785
236744
69072
1214842
545302
606701
1193463
839263
889123
1554863
1623539
1086862
1690859
661963
1606188
608634
529122
1535449
1681569
219985
781815
430894
901101
490869
1498417
1431428
1713148
1184245
1521599
295535
1357779
820645
1785560
266360
899195
746284
153610
834371
1748096
1025065
602163
1610757
488319
307473
288807
986090
1491551
1407293
439305
568289
499989
409081
1288747
536723
78851
340430
1740690
81610
910747
529203
89388
748327
814042
331148
1597497
929624
236740
1487559
303063
840247
978003
945618
488890
97105
1139587
499525
417847
1486160
491535
269829
701238
332261
235992
1554943
26416
621908
746547
1476032
1192107
1026643
1025812
471641
579781
1143919
703432
723352
66930
144948
967994
1425357
1483231
1703682
431395
244531
430031
1484438
485172
699918
663349
125533
725757
1514430
1427810
1433042
828102
1192580
604194
734657
1137052
109870
1392489
1192953
123342
1750097
1491540
821785
1650197
798678
1503753
1618267
222653
93726
810136
940496
1677882
1178907
1484113
24081
781227
1675654
1526355
218702
1094385
726235
1737367
1022395
289421
1101514
602975
521251
1283201
515208
844752
990414
1775759
1264808
781233
294899
1419303
497197
1443613
1588792
1625977
838758
103481
764362
598128
86684
595921
1431414
6269
776518
480414
369175
1125806
1713140
236634
1722797
677386
746657
1376226
377754
1256364
130991
266955
1004172
503729
114958
820857
456849
640230
1486737
176525
838445
1114646
972454
1056294
781159
1173378
420068
1571847
235993
263077
1057776
1483525
914904
1521636
180459
831774
1071713
1333527
216814
781151
236732
148795
1073620
1724962
1710729
788704
1362508
620736
1189411
1439029
1294288
786398
651431
629780
781628
1422323
1710946
263221
1127031
836276
746617
1307562
746048
1724455
382112
1358379
582332
1160722
1196845
247638
1123638
263673
290661
1610615
102616
1227458
1045114
1257098
170929
1310499
1561415
550487
1369903
1654285
529172
1343221
1353675
1030671
1138207
645747
1203777
1240664
1048850
1121844
1588315
515373
727342
667150
752437
33743
383017
247721
1413771
1610305
1007181
999497
295414
136253
953153
175016
781205
1481206
1713096
1022914
302514
1230169
906876
250445
844609
965366
1020178
777682
122608
110361
710449
783457
370185
1027124
987736
29036
1404431
141546
1487200
433678
915680
1351968
708807
1710726
1631584
1366509
1739559
1389199
1724413
1075122
809489
491608
1152589
1098622
1414512
111959
930502
519560
1333501
805895
589411
908462
1277137
1264946
1655438
781154
897755
816246
899021
416224
148204
420219
241326
133082
936840
817676
1535431
70076
1621758
382944
665730
1084158
1462757
1489025
206840
891244
1043323
1193272
677981
1404449
89408
1143500
234340
1021300
725743
1724405
1655784
785331
109902
1201128
304834
888909
1489588
196866
52565
919450
900309
1355723
442507
1295227
781129
981522
1114122
869872
1433588
722033
50937
822164
849424
769889
1555041
488143
