535188
153610
595921
980392
1317739
1645455
1597497
1508875
1295890
498529
1486301
294430
537885
874115
1245752
814042
1255217
236744
939582
471641
244531
836276
19281
296675
940496
1498417
406972
986090
236257
499989
382112
579781
811424
346619
268347
1491551
781628
1501642
295630
1625977
910747
499525
491496
235992
677785
236358
1491540
962808
1123438
110361
961854
1486160
488890
1500704
153602
1389199
1591363
1264946
1353675
529122
66863
1514430
295508
621908
1214842
356004
821785
1550474
602975
236740
529203
288807
69072
725757
1476032
958108
1588792
144948
677386
529172
606701
1554943
1023375
1192580
1358074
967994
610570
235240
1702658
746657
1591371
1193463
1724455
629780
497197
1158903
491222
536723
635785
901101
1484113
928982
1743992
1634795
1748096
1288747
1489588
915680
1529457
1114122
1610757
33743
978003
236648
491488
1057776
1381516
1012411
900295
1487200
120509
489558
1264808
691798
828102
370185
1170167
294899
1022914
1526355
185064
125533
1184245
726235
734657
1750097
1761528
679388
52526
608634
241326
295535
521251
746586
430030
235773
495028
844752
1554863
745255
1004172
340430
1123638
1143919
1462757
965366
1785560
331148
103481
1178907
1431428
50612
494593
663349
81610
746298
430894
598128
491535
908988
604194
982944
1138207
409081
889270
148795
1033287
89388
1745027
1392489
776518
485172
1487123
1358379
17937
1427827
488143
746284
1642001
1535449
469930
24137
1631584
1713140
1125806
1413771
746605
27881
1311190
125202
1675654
1152589
568289
1439029
810136
1739430
450459
163044
295414
1724962
1139587
488319
715582
1674332
123342
1521599
820857
1407293
1740690
1677882
220904
420807
1618267
640230
1436432
850711
1571847
135127
258732
127693
1588315
720643
1143500
1604716
703432
746613
1681569
386463
1724405
236634
68389
710449
109870
1655438
236217
1294288
490004
76382
996580
24081
899021
1425357
512213
250445
420219
450007
781151
263172
1043323
387619
503755
8956
1023443
158835
1216453
1302679
832649
1183357
1422323
148204
1702510
617771
1048850
725743
821097
1116832
12503
766268
296693
130767
1060540
1484438
1310433
745235
1101514
1110729
1722797
902509
1366461
271211
1146923
364317
990414
1461674
1780272
1464123
966407
1398773
303063
1705716
377406
838758
1431414
1710729
1199801
1561612
133082
1256364
1007181
1333527
366181
691753
1358502
180459
227310
240991
820518
1328662
430031
752437
1737367
269829
1372415
1292455
889123
945618
722914
645747
219985
332261
266955
1724413
1496693
1310421
369175
1483421
1535431
1114396
1045114
1569353
929624
307473
906876
196866
247721
206546
223728
1025812
271084
289421
503729
598915
1487559
1094385
120528
798678
840220
763750
431304
431395
6269
206840
1631410
1483231
1205647
420068
667150
661963
1376226
1196845
1175184
490869
189727
236732
1257585
416224
839263
952378
374260
974149
953153
266360
562074
1307562
1021300
545995
1020933
1026643
903391
238387
1138186
151170
424847
1673280
1358418
1193272
86684
1503753
1483525
1507350
715806
1343221
785312
1378009
1025065
797728
782548
1283201
820645
1489025
849424
999497
1654285
265619
1362508
518156
456849
840247
417847
691781
1485803
503864
458484
766882
97105
781168
1509780
899195
162238
1554913
245029
921996
1500650
937822
869872
918363
1340906
781623
1440095
862894
1398072
398624
781099
1587878
1432170
677981
1143907
936840
1098622
709887
1084158
1086862
1414512
247638
701238
47922
1240085
615382
1236869
491608
1125083
1068202
501126
781629
382944
1056294
222653
1022973
1122694
489938
914904
563680
767759
1259684
301665
606902
891561
1073620
871260
296628
141546
908462
1720295
109855
1093503
677752
53741
1027381
130991
1538410
1128713
888909
1278865
102261
1390266
1124800
99831
1702442
109902
1610615
633492
127331
1121844
1655784
377754
1390024
781159
1702499
1376265
455685
748327
1156611
247480
1192953
1739559
368987
665730
495820
1715863
1368729
1650197
336320
439305
1745386
1366509
1555041
424630
1606188
78851
1173007
1246878
1050829
773749
89408
972454
488355
1093602
58561
596642
781233
1160722
1357779
785319
1433588
916823
102616
1064922
35166
783457
834235
595058
777682
700358
155523
633632
1341398
1115152
769620
1333501
589411
304834
383017
893257
1543663
867453
1264729
1559324
946553
1451638
554550
639568
834371
157297
1427810
90444
1654291
1230169
1421781
190205
725782
259627
1137052
121592
891925
781176
1713125
1740809
1490456
911224
1614206
1676939
783445
491313
2522
195114
1022395
295517
1277137
1602280
746547
1552400
788704
665868
1703682
1713714
785331
781134
496388
640602
122608
230785
1731461
85053
76719
1775759
1035291
114958
694121
383952
353003
764362
1261150
7660
1071713
433678
570594
1606914
1690859
1171608
204639
981522
822164
1145818
1692070
1192107
1276085
1669342
1491639
263673
987736
1295227
1381715
1227458
482459
1637567
941384
1085169
946278
93726
515373
1557727
889228
264344
936882
545302
1404449
831774
1310499
1621758
1389768
369135
130549
1050140
1623539
873557
1264792
1038720
239836
1001266
832829
781815
1715253
565413
1143896
37214
783461
1104144
1512834
111959
191835
339754
1744152
1020920
465532
1692108
552230
218702
531841
873953
1255049
170929
1358414
838445
1065455
78681
880475
515208
241180
12508
493020
259662
514024
1431915
884856
1577615
260509
1532253
272005
480414
727342
897159
60160
776932
1714064
1433042
1387532
148831
1093545
746048
164706
1535155
1099628
175016
1030671
1087608
1780367
50937
1397998
1021564
930407
267948
785314
1421759
1495173
1183303
723352
66930
781129
1490071
1025241
959191
339345
1667039
1443613
1561415
469898
1094446
528197
890072
485578
1732634
438674
1654265
1174237
290661
1349064
1670713
897755
802873
236720
652177
1427838
651431
1524840
727023
1610305
1390307
109950
1486737
238596
781219
814290
1471573
708216
216814
1027234
781154
1244128
783034
272334
1239176
1690430
171738
1491240
1053132
146873
342490
466696
1731407
1521636
723189
984493
1399715
458123
395142
238400
223031
176525
1027124
221623
1401685
146398
1627758
1329801
1173378
757087
1139444
1514406
642732
1127031
236912
115926
18641
1135367
530006
834641
582332
236735
388012
1020178
1476820
502814
236641
1750077
1558061
958934
1310416
781227
274058
741527
1044430
135787
219687
749701
245170
263077
140331
490733
699918
1384245
1703824
820252
854699
1335263
1502880
1551265
1246447
1142401
1710726
70076
446919
585917
781619
1485417
820075
620736
1024201
582838
1522653
94997
1075122
694190
825808
276175
1522981
1491035
1713148
321053
602163
1542575
1290107
1304684
293127
1523819
1783779
1203777
1333950
342902
539431
1770207
1481206
1003910
900309
1464663
899220
288118
1325176
782585
1361495
1274246
1112998
1557771
140145
1462330
1153324
944240
1758991
235496
700088
1675111
739203
769889
547187
219236
280559
882801
857303
425130
793792
1201994
388540
781117
314507
1424168
51187
750237
1715668
354354
783456
1521700
1175122
235993
781197
726280
442507
27326
626170
1095409
150068
1438283
1240664
243254
820156
690305
1700094
237137
376749
1194312
781186
643798
1038188
1613437
708807
1145627
1755737
1740026
374236
639006
263221
502737
760855
568681
1174058
1271157
104737
826528
1296039
1189411
425713
1758048
26416
580728
1089294
817721
1261951
622753
1419303
926424
1563867
781205
343531
1147915
1174022
1490375
1037933
902698
830183
1238781
538527
725935
357209
909125
72252
777733
1748693
1581596
254086
1201598
234340
786398
657626
1713096
799703
918873
1543169
852925
805895
719652
1773174
1427398
193491
29036
1057579
783302
919450
1434139
1702514
783452
275485
1510564
1125360
318255
1104008
559109
1085688
958650
1466572
86995
462844
1102373
529146
1156337
1729572
816246
616826
785470
752963
151042
1142560
1734838
850026
302514
1247924
293200
1264948
1711740
868714
436705
136253
650808
259702
59735
1341229
1770533
841061
871947
1712528
1373835
1043220
89237
1575759
904652
781609
699745
148714
943905
918369
1222039
1372336
1353684
196745
981144
290474
1256001
1489123
252589
550487
551781
840206
1483169
1351968
1760594
710228
216966
1316275
247994
953833
466591
972656
765719
642603
263003
84105
501043
1487100
1311758
866357
1355723
1374020
386469
903910
921628
1114646
355502
785434
431473
1653560
1247103
1393504
1134445
689951
1494825
448479
1153673
1593588
930730
1481338
1161884
726932
517759
1177220
1201128
910517
1172245
490685
847376
1301283
363854
1757940
449654
449347
1758760
517148
866423
1749826
501870
1544204
1093482
1349218
1337681
282296
1138002
959206
163360
1774171
700098
1554923
1493302
40909
1571134
1115859
1156685
742646
279870
355415
1391122
1733267
1583232
954597
822699
560108
1595059
391873
13834
1564031
1728577
867700
1045418
809489
781133
47618
815919
238157
199546
1397084
1403807
318984
844609
763763
1242632
959227
682995
930502
868068
803114
11518
1673099
1492395
811493
780138
497154
604212
519560
23009
764820
822759
1377994
891244
701463
1710946
654991
828606
879074
911715
1404431
268208
781627
919308
235040
1761045
468058
245176
900941
888139
867534
406334
230838
510163
209057
1212558
489765
781236
783460
1336269
198617
1549742
788760
305693
217204
160081
2108
381400
236651
371888
87061
489431
746617
673940
1136385
1686171
1637836
1732686
508454
1358365
377385
207803
1353131
109869
608843
1343078
158557
509100
552627
198863
271502
1625780
744319
1544844
769157
1403575
