535188
781628
908988
1245752
1295890
153610
595921
406972
986090
471641
295508
498529
1645455
499989
967994
1591363
296675
874115
1498417
537885
836276
1255217
346619
961854
604194
629780
1597497
244531
236744
610570
19281
1353675
420807
910747
491488
811424
66863
752437
814042
1317739
1508875
677386
677785
1057776
679388
294430
110361
1501642
1554943
939582
236358
236257
940496
236648
1123438
50612
1358074
1500704
153602
382112
820857
529122
746298
236740
1484113
1192580
1491540
499525
980392
1389199
1193463
635785
1288747
529203
33743
1143500
235992
978003
295630
489558
726235
746586
488319
52526
1550474
901101
294899
1436432
103481
120509
1655438
1486160
1625977
608634
268347
488890
958108
602975
821785
1311190
579781
89388
494593
621908
1535431
1256364
69072
497197
1588315
1487559
1745027
1214842
725757
1521599
366181
745255
536723
1588792
1033287
900295
663349
125533
962808
982944
123342
521251
1486301
163044
1012411
235240
889270
598128
1023375
715582
263172
1433588
1184245
247721
1554863
945618
1328662
450459
1407293
27881
1487123
1264808
1292455
850711
491535
1514430
491222
1392489
776518
340430
1489588
288807
810136
1143919
1114122
1139587
645747
1761528
1702658
1476032
889123
235773
1634795
1264946
915680
430030
568289
1489025
1414512
1681569
1333501
1125806
377406
295414
840220
196866
223728
1561612
691798
1496693
1618267
488143
1025812
185064
269829
1007181
490869
606701
936840
999497
1193272
1152589
1084158
431395
219985
1571847
746657
409081
691753
820645
1123638
1604716
928982
86684
1170167
1739430
1178907
1529457
1431428
1724455
1358379
135127
1358502
266955
746605
828102
430894
529172
144948
491496
906876
1526355
148795
1737367
495028
1431414
710449
245029
1713140
206546
1642001
456849
417847
745235
1610615
899195
1060540
1093503
981522
1384245
923637
1595603
1361277
513507
1717431
1045418
843930
1466572
372465
323797
256175
1197918
379229
1712528
219236
1619917
199546
1404483
140145
50421
1613437
1183303
1317972
1493302
451496
1194312
809489
1021564
654991
1175173
815919
490685
900308
198863
769157
13834
1325176
1093482
388540
1003910
1490375
783302
582332
608843
1135367
882801
1186183
642732
745246
1750077
1027124
151042
764820
746617
514024
781154
209057
596642
1030671
355502
1125360
147960
279870
946278
23009
175016
657626
1476820
1358365
1491240
243254
436705
1216453
193491
1732686
1702510
958934
1438283
280559
620736
1495173
259662
1676939
1575759
750237
122608
852374
1295227
51187
424630
241180
466696
480414
1136385
1703682
880475
8956
781117
1780367
1710946
639568
832649
304834
1310499
652177
449654
290661
767759
1145818
1053132
247638
1261951
773749
386469
1239176
941384
873557
889228
1780272
130991
1713148
1692070
1602280
781168
369135
195114
238400
1623539
937822
1020178
336320
158835
1115152
236912
891561
272005
1366461
433678
1732634
495820
1143907
1554913
493020
148831
1451638
1631584
102261
936882
446919
1523819
1125083
918363
1490456
897159
1173007
785331
899021
1522653
930407
1559324
141546
606902
782585
1606188
295517
633632
914904
114958
458123
1427810
1264792
1650197
785319
1740809
766882
148204
263673
1715253
130767
911224
748327
1121844
157297
746048
565413
854699
488355
6269
1065455
1491639
1283201
1621758
1490071
725743
146398
1137052
783445
1710726
501126
781159
781134
1538410
1378009
1702499
1071713
206840
68389
677752
368987
230785
701238
416224
1614206
1390266
893257
562074
1124800
1739559
265619
1138186
236732
1156611
120528
781629
24081
1068202
512213
1362508
424847
1507350
1398773
1503753
946553
1045114
1484438
1745386
1483525
952378
974149
1022973
1043323
236634
797728
125202
615382
450007
1461674
891925
1440095
953153
12503
902509
1740690
1500650
1376226
271211
