874115
836276
296675
295630
701238
1571847
223728
782548
781099
110361
1245752
219985
952378
1761528
456849
893257
820518
133082
838445
370185
776518
1101514
235992
1094385
1650197
677752
247721
120509
645747
387619
340430
766882
974149
1514430
130991
439305
1625977
1623539
1425357
1022914
798678
1486160
409081
491608
1703682
416224
1378009
1431428
545302
746586
1591371
29036
12503
828102
703432
1507350
241180
185064
102261
915680
1407293
1021300
982944
295517
488319
469930
1785560
1487123
667150
103481
691753
369175
1780367
1483525
489558
377754
1634795
1677882
822164
606902
1743992
1484438
820857
545995
725743
218702
222653
515208
386463
289421
356004
6269
1311190
1023375
1673280
640230
1033287
699918
710449
1675654
24081
529172
294899
752437
1588792
294430
908462
196866
1503753
1710729
945618
1137052
1745027
1483231
236740
665730
1030671
1230169
715806
844752
781623
1138207
377406
529203
1748096
900295
1372415
1390307
1487559
621908
144948
490869
746613
1427827
1196845
781159
1294288
746298
52526
1158903
497197
120528
1357779
268347
679388
240991
1324188
1713096
1264808
734657
241326
746605
598128
921996
1631410
940496
1343221
1389199
1724413
831774
366181
1381516
1498417
33743
1413771
1414512
97105
899021
1713148
1027381
503729
1674332
839263
579781
1192580
485172
936882
109870
781227
1362508
838758
1535449
81610
295535
746657
491488
1086862
936840
303063
1654285
339754
919450
1084158
1561612
269829
889123
1173378
1724405
820645
821097
235773
1045114
109855
990414
781154
999497
715582
430031
50612
1491540
1376265
1421781
1424168
1048850
1160722
1521599
431395
661963
1205647
654991
17937
814290
928982
781815
1655784
1121844
1676939
68389
1178907
914904
1184245
783445
929624
1489588
1606188
206840
781151
1307562
629780
503864
1398773
1152589
1618267
1737367
1554863
962808
810136
1724962
1550474
840247
93726
1555041
217204
884856
114958
871947
554550
783461
1631584
1713140
745255
424847
1681569
1740690
78851
1722797
899195
1114122
499989
1060540
788704
746547
1257585
981522
958108
781233
191835
902509
786398
70076
700358
490004
1481338
1423570
1127031
295414
1433042
1025065
1491639
677785
1486301
1057776
499525
930502
1745386
290661
589411
663349
1535431
266955
906876
1143919
148795
610570
1143500
1361256
1050829
1277137
1610305
374260
781134
1621758
1569353
1419303
1427810
417847
1256364
153602
519560
135787
1203777
1071713
1353675
420807
1526355
86684
834371
565413
84105
512213
1098622
488143
89408
665868
1404449
916823
1073620
639568
746048
1702658
1489025
1483421
1610757
1358379
726235
1750097
910747
1645455
1056294
582332
162238
150068
1227458
480414
1392489
1487200
953153
1143896
840220
1114396
764362
1024201
1122694
849424
640602
492292
1702510
1175184
1586798
466867
263077
176525
748327
236634
617771
1610615
1123638
420068
1431414
102616
850711
431304
746284
127693
1214842
1376226
430894
1123438
69072
123342
635785
691798
1170167
1543169
769889
1642001
1739430
568289
1529457
1025812
1490456
821785
236217
147960
1398072
1724455
817721
651431
1522981
766268
1310421
708807
495820
1255049
1587878
314507
552230
1775759
1192107
1462757
677981
266360
1007181
1439029
889270
498529
1554943
602975
295508
1577615
783034
1692070
1496693
773749
111959
1057579
1690859
206546
1604716
537885
980392
1588315
897159
873557
602163
1026643
1495173
891561
12508
805895
1739559
834641
158835
353003
1713125
1443613
1715253
247480
482459
130767
1340906
216814
382944
785319
141546
1500650
1125806
986090
301665
1561415
1039089
496388
900309
78681
1328726
7660
958934
869872
1128713
1690430
1512834
318255
785331
1366461
727342
1261951
1758760
424630
776932
1199801
466696
820156
809489
263172
1310499
1559324
1421759
490733
1373835
1734372
