535188
836276
980392
236648
874115
66863
1255217
346619
604194
491496
19281
244531
1550474
1761528
120509
889270
1588792
1012411
125533
900295
1307562
295535
529203
236740
715582
294899
579781
677785
608634
1158903
967994
889123
1498417
163044
621908
821785
185064
1487559
236257
1588315
1084158
1501642
1476032
1152589
471641
999497
431304
148795
710449
420807
1677882
491535
961854
962808
537885
1526355
1328662
1486301
1591363
377406
489558
269829
1125806
1022914
409081
24081
1491540
247721
1138207
828102
1642001
1554863
1353675
33743
268347
488319
110361
52526
1381516
1292455
235240
1618267
746586
1264946
485172
1427827
640230
1311190
1178907
776518
1358379
1057776
986090
1193463
752437
1431414
1143919
144948
1561612
703432
1631410
781623
294430
781628
945618
1484113
1033287
629780
1205647
529122
495028
691798
595921
1610757
490004
606701
958108
236744
978003
966407
1740690
307473
1645455
1094385
81610
1750097
940496
1634795
1123438
1256364
1535449
839263
1514430
103481
745255
1425357
820645
430031
153602
1748096
288807
1724455
746298
725757
240991
746613
135127
430030
1114122
1461674
387619
1710729
901101
1724413
1705716
679388
1192580
1569353
928982
1487123
840220
602975
220904
289421
820518
27881
1571847
1737367
17937
123342
235773
1392489
726235
386463
1192953
1529457
1389199
910747
1724405
331148
50612
1007181
782548
844752
810136
610570
1508875
840247
1294288
190205
430894
12503
1170167
1724962
1004172
236358
781629
1407293
722914
102616
364317
1143500
568289
929624
915680
133082
89388
296693
424847
766882
982944
1483231
382112
811424
69072
450459
663349
785312
1486160
1500704
1521599
871947
1043323
1376265
677752
734657
1022973
1509780
490869
1295890
1431428
141546
1739430
356004
1288747
1500650
374260
127693
235992
1489588
1358502
1489025
491608
521251
850711
903391
1378009
488890
236634
1264808
1745027
1027381
494593
565413
1056294
1160722
1193272
1045114
491488
633492
503729
406972
1358074
153610
296675
1333527
1702658
1625977
953153
652177
250445
120528
109870
1535431
1591371
814042
677386
1086862
746605
175016
781159
130767
1175184
366181
691753
416224
85053
1196845
1436432
498529
701238
1026643
1713140
295508
1227458
1623539
1257585
1503753
340430
1715863
1464123
746547
952378
1283201
748327
834235
130991
891925
781134
667150
798678
227310
939582
902509
972454
899195
369175
1673280
499525
1715253
1357779
893257
1098622
562074
1025812
746284
783445
1048850
480414
1495173
6269
1413771
1722797
86684
746657
1610615
1139587
1214842
1433588
1184245
295414
1554943
1655438
114958
189727
661963
785331
236217
266955
491222
598128
1025065
906876
1094446
1427810
763750
1340906
206546
417847
1507350
1376226
1674332
820857
499989
295630
223728
296628
489938
873953
1199801
420068
1631584
838758
1785560
635785
332261
1440095
633632
1023375
1743992
266360
1404449
515208
781099
545995
1604716
745235
764362
1439029
1245752
769620
219985
230785
497197
158835
1121844
206840
536723
97105
295517
769889
53741
151170
1713125
645747
1143907
490733
1731461
37214
1690859
1421759
303063
263077
89408
1443613
488143
109855
162238
377754
974149
431395
1487200
1372415
1597497
862894
831774
1021300
715806
1114396
1201128
1462757
353003
102261
783461
1484438
238400
1483421
1123638
469930
1491551
891561
1610305
936840
1147915
805895
290661
109902
1654285
781227
68389
529172
1483525
1496693
1362508
512213
921996
1490456
822164
136253
1606188
1614206
503864
1143896
691781
488355
148204
439305
503755
265619
456849
1317739
247480
725743
76382
1713148
370185
1702442
245029
1745386
1310421
785319
615382
354354
936882
665730
1621758
1174237
741527
247638
271084
196866
58561
1432170
914904
35166
1128713
1020178
781151
263673
937822
1112998
781168
1255049
781154
1060540
987736
241326
838445
781117
781233
1101514
376749
1535155
1122694
383952
1125083
1602280
99831
1071713
420219
1173378
834371
946553
1555041
1739559
911224
1744152
782585
164706
1464663
180459
783457
642732
783456
869872
720643
146398
466696
1670713
545302
1264729
271211
382944
151042
821097
218702
1022395
1110729
425130
1124800
1236869
47922
1729572
941384
1780367
90444
1398773
1156611
1702499
606902
78851
1491639
66930
677981
29036
1397998
50937
304834
1358418
195114
725782
990414
207803
589411
1099628
1414512
699918
1390307
258732
1654291
528197
788704
1390266
1703682
785314
1366509
1175122
773749
694121
1068202
93726
191835
239836
1423570
8956
1750077
235496
781176
482459
873557
176525
236641
1230169
111959
1780272
781129
965366
1681569
1675654
442507
1261951
26416
1343221
1655784
1502880
342490
1710726
501126
238387
450007
2522
1038720
1486737
495820
620736
1278865
60160
12508
1446519
626170
1134961
582838
867453
539431
1301283
1003910
1690430
1115152
1259684
1073620
908462
984493
1260511
1398072
832829
1137052
709887
263172
518156
783034
781219
1366461
1387532
781815
1606914
1554913
222653
602163
1189411
314507
880475
1240085
24137
357209
383017
438674
106830
1703824
828606
1024201
1020112
1244128
1538410
398624
1139444
1065455
1427838
1127031
1702510
1203777
276175
1755737
1758991
1587878
1650197
1020933
1146923
854699
767759
496388
216814
582332
1740809
431473
1114646
617771
651431
274058
241180
236732
1421781
700358
1310433
236720
1404431
1561415
1125360
1397084
781197
321053
1532253
1027124
263221
916823
1271157
639568
1173007
236735
908988
1713096
7660
888909
1485803
1145818
72252
1341398
889228
746048
1676939
1522981
1261150
708807
1403807
1433042
339754
86995
121592
803114
1552400
639006
1311758
1050140
1563867
204639
494141
777682
1050829
1577615
94997
433678
814290
563680
70076
1390024
1422323
1720295
1637567
1240664
890072
1710946
455685
568681
554550
786398
1257098
868714
930730
944240
1462330
1087608
899021
1374020
1521636
552230
146873
816246
84105
446919
1116832
1020920
501917
1491240
1692070
277569
1057579
1774171
1176498
1192107
1044430
996580
135787
897159
1333501
959227
1003397
1571134
1174058
1758760
1757940
1295227
234340
1037933
1586798
539109
485578
1775759
822699
850026
51187
474796
690305
1714064
531841
1558061
469898
150068
1238781
78681
817721
766268
570594
458123
1030671
355415
721272
904652
849424
723352
76719
903910
899220
388012
493020
746617
305693
1277137
1142401
797728
122608
339345
301665
781609
221623
1490071
236651
930407
502737
918369
24769
1487987
1038188
1770207
1337681
1239176
764820
103777
374236
1351968
217204
1393504
386469
259702
1760594
1732634
708216
809489
1686171
1748693
1700094
1104144
1027234
900309
18641
1667039
171738
167639
515373
640602
1543663
125202
884856
1093503
491313
1543169
1135367
825808
157726
773685
1510564
1085688
1043220
236912
1426508
377385
852374
507035
1310416
1333535
1325296
719652
595058
468058
462844
811493
223031
115926
1669342
1713714
1431915
237137
1381715
59735
1426661
489431
259662
209057
157297
267948
1692108
492292
723189
643798
871260
238596
424630
793792
170929
1581596
1481338
820252
550487
585917
458484
1138186
897755
1419303
834641
727023
272005
727342
193491
852925
1512834
302514
1093602
1374419
1427763
826528
742646
27250
497236
280559
1246447
1512057
757087
1377994
466867
1733267
47618
1483169
1408316
1734372
1489123
323797
1010821
449347
148831
1524840
799703
1329801
1715668
2108
189214
259627
795431
216966
1075122
530006
130549
596642
1627758
306942
279870
1522653
689951
1333950
1102373
1554923
891244
919450
958934
1389818
1325176
781186
1277555
1171608
219687
776932
1399715
368987
745526
342902
726280
783302
363854
512138
398110
1704531
1333913
89237
626307
623813
785470
1355723
185557
1276085
388540
1095409
1219557
1508978
435169
547187
1481206
900308
1424168
919308
1523510
560108
781619
1131898
608841
502814
1358414
1296039
108221
13834
1653560
1183357
1361256
261787
1740026
840206
1389768
902698
1025241
155523
1434139
997386
1728577
436705
1134445
1309321
1310499
1290107
923637
71362
820075
293200
930502
1384245
785434
1476820
1564031
698211
263003
867700
750237
1711740
665868
763763
1334049
235993
1613437
395142
817676
1487100
272334
288964
271502
140145
235040
448479
1634801
745742
788760
1247924
432797
149841
1186183
857303
465532
1471545
431410
1770329
1508922
425713
1264714
822759
1269332
781627
1316275
1247103
1212558
1021564
882694
777733
510163
467390
698665
243254
921628
507482
785379
769157
1675111
1521700
820156
657626
1542575
1758048
529449
1264948
1732686
1153673
104737
644610
1104008
1471573
519560
1694683
682905
1165480
349828
103976
1136385
510656
453593
918363
529146
512395
260509
744319
1156685
157249
926424
815919
1344596
1369903
381400
485975
783452
1731407
1023443
1264792
781205
1093545
1559324
847376
1368729
1585448
1373768
642603
355502
87061
1397909
452221
1242632
517759
372465
1448696
1174152
443735
631776
802873
109882
241682
1625780
1085169
1142560
749701
293127
148714
1349727
1229672
1772834
251443
1441496
711873
1749826
509100
1544204
1361495
909125
1451638
1302679
508454
1558355
1101518
490685
140331
268208
909795
1086773
147960
127331
224623
722033
239275
501043
830183
264344
1514406
844609
1045418
1060659
654991
1053132
1438024
514024
65546
27326
831602
542433
11518
781088
943905
1064922
1373835
1052994
700098
739203
1702514
1153324
1197918
781142
958896
700088
526817
158557
781200
725751
1714833
369135
1729183
901089
393738
95750
1485273
1175173
297651
