535188
236744
980392
814042
148795
1554943
69072
495028
939582
153602
579781
785312
110361
610570
144948
746657
125533
910747
1761528
1023375
940496
450459
163044
1317739
235240
491496
1123438
268347
820857
1750097
52526
294430
1123638
746586
123342
978003
288807
196866
485172
1193463
1645455
1521599
608634
1158903
296675
529122
151170
811424
1288747
1748096
820518
537885
1618267
679388
469930
236634
1501642
1245752
598128
821785
901101
185064
33743
241326
677386
635785
1739430
490869
1311190
726235
235992
1295890
1381516
958108
629780
244531
745255
494593
1561612
663349
840220
529172
1114396
746298
1294288
1425357
1743992
1484113
236648
135127
382112
1264946
602975
921996
120528
840247
746613
1427827
1529457
409081
1057776
1255217
982944
491222
1372415
127693
677785
1476032
962808
295508
1514430
776518
1033287
369175
1674332
356004
1139587
889123
331148
289421
236740
1677882
1491551
889270
340430
828102
1722797
1152589
667150
1724455
1004172
1610757
499989
1508875
1483231
1012411
406972
377406
1358379
498529
1170167
294899
420068
1205647
1554863
307473
900295
430894
715582
1358074
640230
1710729
928982
691798
269829
529203
346619
568289
236257
914904
1094385
604194
220904
1025812
491488
1673280
1785560
488143
595921
1392489
1487559
908988
81610
1114122
153610
952378
1175184
1591371
810136
536723
295535
332261
424847
781629
133082
430030
1125806
1101514
223728
120509
606701
1056294
725757
1138207
1740690
677752
1043323
1439029
24081
945618
1500704
19281
1431414
752437
961854
1550474
966407
488319
1022973
6269
1007181
1378009
734657
1389199
103481
820645
1407293
850711
89388
366181
1614206
93726
471641
839263
1507350
431395
489558
1498417
66863
621908
1264808
1634795
746048
929624
715806
387619
746284
250445
1484438
974149
915680
1256364
491535
50612
1022914
1486301
967994
76382
645747
503729
1631410
849424
1571847
386463
456849
1713140
781233
633632
986090
1436432
1353675
1737367
1642001
972454
999497
382944
781099
1569353
703432
1588315
497197
1526355
488890
499525
783445
899195
1483525
236217
521251
1702658
798678
420807
227310
1491540
1724405
263673
1487123
1625977
1462757
86684
1495173
78851
240991
1588792
1027381
206840
545995
838445
296693
1745386
781628
27881
1045114
416224
102261
1143896
1021300
303063
431304
1604716
1192580
1431428
1675654
1591363
606902
241180
1333527
1414512
235773
1227458
1555041
893257
1193272
1489025
1724413
906876
1143919
844752
1486160
1127031
783456
563680
295630
1489588
7660
271084
162238
953153
1178907
617771
266955
1486737
1160722
602163
111959
1690859
1310421
455685
271211
1025065
1214842
1184245
722914
746605
1292455
781623
1143500
782548
417847
773749
903391
831774
785331
1483421
1655784
247480
430031
1654291
725743
1022395
710449
236358
1724962
1427810
148204
891925
763750
439305
219985
189727
99831
996580
1146923
304834
1433042
691781
216814
781159
1404449
990414
1535431
266360
296628
1277137
1390307
109855
1125083
1705716
1780367
1358502
1122694
515208
12503
838758
691753
17937
450007
1196845
259627
1147915
109870
1509780
370185
1328662
873953
1307562
1681569
259662
364317
1487200
832829
783461
1357779
1084158
1138186
1464123
1398773
1597497
1340906
1362508
122608
822164
1086862
1376226
1606188
781815
545302
562074
1715863
114958
764362
1713714
797728
1461674
1538410
701238
1745027
258732
783457
26416
383952
1587878
550487
1173007
130767
937822
245029
1094446
1631584
1310499
1343221
1026643
661963
490004
295414
836276
247721
538527
665730
1522981
259702
785314
501126
1775759
766882
190205
121592
834371
785319
503864
295517
902509
206546
1366509
491608
1710726
1496693
1487100
1655438
677981
1670713
1236869
1713125
1199801
89408
874115
899021
339345
1358418
518156
