836276
236744
244531
535188
1491551
725757
430894
811424
1554863
958108
840220
294899
901101
529203
1317739
579781
529172
1193463
420807
1358379
776518
889270
296675
1328662
266955
606701
153602
144948
495028
235773
978003
271084
844752
899195
1192580
703432
133082
1529457
488319
1353675
629780
820518
1724413
1486160
66863
120528
1138207
196866
1722797
1535431
1086862
828102
1143919
1591363
1094385
529122
962808
1139587
1550474
893257
1677882
782548
1500704
677386
598128
33743
503864
1022914
1521599
241326
640230
1514430
366181
1427827
1389199
726235
1674332
746605
235992
127693
235240
268347
491496
512213
471641
1591371
491535
1152589
110361
677785
288807
752437
247480
610570
781159
303063
1021300
710449
1123638
1295890
1292455
820645
240991
488890
1625977
1012411
6269
223728
785312
568289
906876
1737367
295535
1084158
148795
125533
691798
1489588
1715863
1673280
1655438
1710729
1645455
715582
734657
1143896
839263
891925
431304
494593
409081
1724455
1761528
374260
798678
1158903
999497
1631410
163044
78851
677752
220904
1004172
103481
1343221
206546
1561612
602975
589411
952378
982944
1413771
1205647
953153
219985
1407293
986090
236358
915680
939582
722914
940496
1310421
490869
289421
1702658
552230
667150
364317
1431414
537885
1123438
489558
1739430
491488
1264946
821785
1631584
822164
928982
1230169
1750097
663349
1376265
1724405
1496693
1780367
1007181
99831
746298
1114122
1588792
1110729
1278865
52526
1114396
485172
850711
1101514
370185
889123
81610
307473
295414
1634795
1372415
1196845
701238
810136
945618
271211
1414512
766882
382112
19281
595921
1748096
1057776
1554943
1713148
1184245
1294288
1487200
24081
1713140
1486301
1425357
151170
1604716
1259684
838758
1143500
1571847
1431428
1487123
1507350
691753
1048850
1043323
1026643
1358502
206840
1745027
545995
180459
497197
961854
746657
406972
621908
910747
86684
661963
1743992
715806
488143
1526355
1033287
1381516
820857
1739559
236634
76382
424847
1675654
153610
369175
450459
50612
499525
900295
236257
521251
1690859
1094446
908462
190205
1654291
247721
236217
773749
1264808
265619
238387
781134
7660
27881
1483231
69072
635785
377406
430030
1618267
1501642
536723
891244
1440095
102261
745235
490004
53741
929624
788704
12503
911224
746613
1025812
387619
1045114
1602280
269829
1023375
130991
1073620
831774
903391
258732
781629
1178907
1255217
1569353
677981
1650197
1484113
1115152
972454
873953
1587878
245029
1710726
781628
130767
1535449
1378009
1236869
296693
741527
1654285
665730
1125806
332261
1256364
127331
781815
783457
431395
185064
1307562
1283201
120509
746586
1476032
1724962
1341398
602163
990414
383017
821097
783461
1193272
1288747
499989
227310
604194
164706
1464123
1713096
781233
1122694
1309321
1681569
1398072
966407
1424168
902509
1427810
1175184
515208
491608
1483525
1436432
109902
1521636
1745386
274058
1093602
1577615
764362
725743
1358418
93726
430031
259662
1376226
1153673
189727
480414
109855
1357779
1483421
849424
331148
109870
1358074
1487559
1588315
1261150
1125083
1710946
1443613
1311190
1432170
35166
1199801
1720295
1093503
68389
1421759
980392
746547
1050140
1606188
965366
162238
1623539
1554913
1655784
218702
503729
840247
645747
1333527
469930
1160722
996580
263077
1543663
679388
236648
294430
89388
538527
47922
565413
12508
539431
417847
236740
340430
135127
608634
1392489
1142401
1174237
640602
890072
204639
122608
709887
1399715
222653
111959
1390307
891561
114958
493020
17937
1362508
1703682
974149
456849
1489025
1333501
781099
1740690
781623
874115
123342
1022395
1398773
26416
376749
1610615
386463
1705716
102616
382944
873557
777682
1358414
141546
58561
745255
1214842
439305
1311758
862894
984493
1030671
247638
1003910
550487
263673
700088
1390024
1486737
515373
786398
785319
1056294
1060540
1433588
1146923
1503753
617771
1170167
1490456
1310499
1490071
353003
296628
1552400
781168
1340906
1071713
562074
1775759
266360
1025065
545302
1143907
1127031
1509780
216814
967994
420068
1610757
959191
438674
135787
723352
563680
1393504
781219
425130
1128713
1614206
1692070
1484438
1461674
250445
1498417
918873
900309
782585
1124800
1381715
1462330
1522981
424630
518156
1654265
121592
781117
1758991
726280
832829
987736
90444
781227
50937
1087608
766268
1227458
76719
615382
1068202
582838
936840
633632
1264729
37214
70076
767759
748327
230785
1713125
304834
1022973
1027381
1702442
1642001
1390266
263172
416224
763750
1500650
295630
1508875
1785560
1439029
356004
236912
854699
404365
189214
94997
374236
1637567
1404431
1295227
817721
866423
1135367
1334049
1487987
749701
1156611
259627
1374020
176525
398624
595058
852925
888909
1555041
1038720
1733267
2522
941384
1384245
496388
51187
1257585
263003
916823
1098622
783445
834235
606902
239836
781151
1404449
785331
1597497
1386491
1750077
27250
1358365
1474153
1510564
918363
1045418
1389818
820075
708807
431473
86995
1021564
1095409
1333950
433678
395142
1255049
1606914
727342
29036
781129
450007
1301283
652177
1156685
1189411
1422323
1366461
871947
89408
195114
84105
639568
1075122
750237
1481206
66930
1427838
1137052
869872
85053
1099628
290661
700358
78681
1387532
937822
171738
501126
146398
1731461
97105
1621758
1138186
295517
783456
746284
1491639
897159
491222
1247103
855075
234340
1487985
1174152
155523
764820
106830
690305
560108
1329801
1261951
342490
1403807
1240664
542433
1702514
93700
514024
1554923
1734372
1239176
1700094
223031
1145818
816246
431410
665868
699918
1271157
236720
302514
1116832
944240
207803
243254
1715253
1023443
746617
694121
158835
1027124
1783779
