874115
296675
1521599
1491540
811424
679388
69072
604194
491535
1193463
1033287
1554863
144948
986090
163044
529122
1057776
746657
828102
499989
814042
910747
497197
1487559
663349
521251
1476032
961854
331148
1295890
1114122
52526
967994
1023375
1158903
1484113
1431414
1491551
294899
503729
244531
595921
450459
629780
89388
1255217
1634795
430894
1748096
1597497
529203
110361
406972
635785
725757
606701
820857
1486301
382112
294430
430031
608634
1358379
962808
148795
332261
537885
939582
1702658
840220
1591363
1625977
288807
1192580
691753
490869
1724455
66863
710449
185064
1022914
1389199
266955
346619
219985
420807
498529
1483421
469930
236740
409081
488319
1358074
250445
1554943
1489588
227310
598128
1328662
295630
307473
982944
1500704
1439029
820645
1486160
491496
579781
677785
1715863
1483231
1745027
236634
1425357
691798
499525
535188
240991
81610
640230
1407293
236648
1535431
746298
911224
1007181
386463
1004172
677752
781629
703432
485172
430030
978003
1357779
844752
734657
488890
491488
1674332
1431428
366181
494593
1311190
1508875
1012411
820518
746605
19281
6269
1498417
726235
752437
781623
1724413
1381516
1501642
125533
1214842
746284
1436432
235240
489558
645747
915680
1610757
491222
109870
1739430
295535
810136
369175
1123638
1710729
1353675
1317739
722914
536723
958108
1123438
889123
296628
621908
821785
1724962
33743
1487123
220904
120509
1025812
1750097
1376226
1604716
151170
1264946
1761528
940496
356004
745255
1529457
1670713
891925
120528
776518
153610
340430
746586
1645455
1421759
651431
1705716
1245752
782548
135127
1561612
901101
1618267
268347
431395
1484438
840247
223728
1101514
746613
945618
1785560
50612
1205647
125202
889228
1294288
196866
667150
26416
1138207
568289
236358
889270
364317
1650197
518156
1702499
24081
1086862
1433588
1427810
797728
999497
162238
1022395
1743992
1175184
1143919
1550474
781151
781154
953153
247480
241326
1588315
1514430
936840
66930
1307562
1027381
1026643
1503753
1398773
153602
235992
1490071
450007
78851
1631584
1125806
891561
1160722
1614206
781099
86684
1193272
471641
377406
1372415
1292455
1692108
1413771
103481
839263
781159
387619
1673280
1571847
1677882
123342
900295
610570
236744
1507350
715582
545995
236257
17937
1048850
766882
1094385
289421
582838
1022973
1340906
1489025
416224
821097
990414
1264808
424847
1588792
677386
1631410
1178907
303063
1690859
1199801
921996
431304
295414
1139587
602975
1427827
1264792
1393504
838445
966407
788704
1655784
773749
295517
1392489
1084158
906876
1399715
822164
725743
785312
1591371
127693
952378
436705
1146923
515208
908462
1358502
1073620
1500650
1261150
1283201
218702
76382
1496693
1526355
850711
1288747
908988
1487200
1740690
529172
1724405
1737367
493020
996580
1143907
1310499
68389
1010821
937822
1095409
1050140
1384245
109902
272005
1610615
1535449
274058
370185
677981
1681569
701238
1170167
899195
12503
206840
1654285
295508
193491
1606188
1256364
1152589
1024201
781134
175016
258732
424630
1173007
1020933
12508
1362508
1433042
97105
834235
109855
512213
269829
1343221
1462757
271211
180459
1128713
377754
928982
1713140
1259684
783461
1333527
1142560
550487
495028
236732
1686171
837112
1423570
746048
1153324
633632
1654291
1421781
502737
1398072
1043323
1512834
987736
236217
296693
783457
170929
783034
1127031
1277137
936882
1621758
565413
1538410
781168
239836
838758
1532253
501126
1509780
503864
420068
1025065
189727
929624
1056294
247721
1675654
1378009
1581596
47922
290661
474796
1713148
867453
766268
832829
665730
1700094
1390307
146873
852925
615382
90444
383952
1147915
781227
720643
1732634
1143500
398624
190205
781186
304834
640602
102261
238387
1780367
271084
782585
1491639
763750
902509
1114396
235773
1655438
133082
1485803
386469
767759
515373
314507
496388
820075
1257585
1115152
1522653
1486737
596642
1044430
339754
480414
746547
1121844
1071713
554550
7660
420219
897159
1240085
27881
1490456
37214
1192107
776932
606902
617771
873953
589411
805895
266360
439305
1722797
1184245
781628
745235
974149
798678
1569353
884856
1558061
582332
1758760
708807
1654265
1750077
122608
916823
59735
930407
726280
1775759
880475
862894
783456
665868
984493
946553
1397998
1561415
368987
746617
136253
176525
781117
1443613
141546
216814
263221
1623539
783445
831774
146398
781233
130767
263673
563680
1713125
1358418
965366
1702442
691781
1125083
1404449
1710726
715806
1098622
764362
1196845
53741
417847
1642001
1613437
85053
490733
173020
997386
1238781
1434139
1521636
357209
1355723
958934
1244128
709887
1264729
135787
814290
395142
1301283
781815
1440095
785314
1138186
245029
1559324
1093545
302514
230785
1027124
301665
247638
785331
265619
1038720
1143896
263077
354354
972454
893257
914904
456849
1376265
488143
1461674
980392
167639
12539
642817
1136385
217204
831602
529449
900309
749701
698665
1276085
1713096
146283
1557727
148831
171738
930502
206546
1543169
490685
943905
519560
719652
1310433
1692070
1104144
114958
781205
1368729
1464663
1390024
242543
1610305
631776
570594
1134445
777682
353003
263003
781619
482459
1585448
1020178
236735
1713714
191835
528197
888909
1124800
1676939
383017
700358
1464123
1094446
1110729
127331
1065455
1432170
1422323
1602280
820252
382944
899021
1236869
1351968
47618
1075122
1755737
466696
89408
1731461
1310421
1189411
1278865
602163
903391
748327
1587878
1483525
1390266
1201128
1021300
491608
785319
1122694
93726
1192953
1045114
1745386
1414512
836276
763563
769157
235040
568681
254086
923637
121592
1427763
1451638
430741
802873
1260511
147960
785470
1619917
742646
869872
1438024
1183357
1700820
148714
890929
27326
465532
1277555
921628
1667039
103976
76719
1153673
433678
1438283
926424
342902
817676
151156
642732
1711740
626170
1729572
448479
868714
1135367
1424168
130549
904652
959191
871947
1714064
115926
694121
1535155
204639
1544204
817721
620736
1710946
491313
781129
1175122
816246
1085688
195114
1060540
1780272
1030671
1050829
769620
1139444
1104008
1229672
639568
224623
781176
150068
891244
321053
238400
903910
1552400
1419303
1690430
1586798
538527
1333501
769889
1156611
102616
595058
157297
1203777
690305
241180
1271157
1329801
786398
1715253
148204
1240664
388012
1543663
1366461
1311758
633492
723352
741527
99831
1068202
834371
1739559
455685
342490
1137052
374260
1366509
1227458
130991
111959
1577615
1427838
1230169
545302
661963
551781
23009
828606
1571134
501870
209057
514024
535232
87061
1627758
508454
1269332
1122855
1344596
554154
503265
510054
1466572
1595603
1653751
510656
1734372
1328726
1381715
840206
260509
573593
542433
51187
795431
236720
871260
245176
1717431
1037933
433158
1037739
1625780
241682
381400
1131898
777733
1508978
1404442
1731407
247994
825808
1676133
815919
745526
462844
1003910
2108
158557
1333535
406334
458484
1431915
1542575
1783103
973122
1554923
323797
1045418
918369
1025241
783452
377385
1156685
164706
643798
1514406
785380
1374705
1361495
783302
13834
1021564
539109
469898
1027234
1139825
757087
106830
1712367
290474
826528
78681
1333950
1255049
84105
288118
466867
492292
1373835
103777
93700
2522
259627
953833
944240
834641
930730
867700
35443
24137
1757940
1183303
700098
1112998
272334
1142401
267948
1389768
318255
1404431
11518
1522981
94997
238596
50937
1521700
919450
1554913
70076
723189
781219
1557771
1239176
1702510
1316275
820156
781627
237137
263172
1303932
1261951
585917
809489
1403807
1020920
151119
339345
