1245752
1138186
295630
1508875
535188
908988
153610
236744
608634
471641
836276
604194
1317739
814042
1498417
346619
66863
986090
1192580
1491540
295508
236648
1476032
1255217
910747
1023375
679388
498529
529122
677785
1358074
19281
978003
811424
606701
1554943
874115
677386
244531
382112
521251
235992
1597497
1193463
163044
1500704
491496
1550474
980392
296675
491488
236358
1645455
1591363
715582
1158903
491222
1724455
1625977
915680
450459
945618
1389199
123342
610570
939582
961854
144948
499989
488890
1381516
33743
488319
1521599
294430
236740
663349
236257
89388
153602
125533
940496
499525
537885
889123
1748096
52526
967994
595921
1750097
420807
430031
1012411
1489588
1004172
235773
725757
602975
1501642
1358379
1491551
629780
1486160
110361
901101
1486301
1588315
1138207
235240
579781
268347
844752
1295890
1123438
1264946
1057776
295414
1483231
206546
99831
1484113
294899
1529457
120509
366181
185064
1554863
1288747
1571847
1761528
295535
6269
1591371
103481
1292455
889270
958108
220904
621908
536723
529172
1745027
962808
69072
752437
568289
288807
1588792
691753
691798
1739430
50612
1025812
1256364
745255
1604716
369175
645747
1483421
151170
1461674
1294288
431395
1376226
1196845
746048
1056294
972454
121592
726932
1740809
495820
562074
783457
820645
1358418
916823
965366
1086862
785312
952378
1101514
746613
1740690
921996
1432170
677981
966407
236217
1654291
27881
1205647
1503753
763750
929624
1193272
263172
127693
120528
196866
227310
1439029
1184245
109870
1214842
746605
1333527
1675654
450007
1724413
828102
1710729
839263
1634795
1673280
703432
982944
1737367
266955
491535
1535431
81610
1496693
1487559
377406
1610757
1257585
340430
1311190
331148
820857
1139587
430030
241326
409081
512213
1674332
1535449
431304
1507350
1526355
1431414
746298
640230
1413771
1724962
1631410
1677882
356004
495028
