908988
746613
677752
781099
488319
645747
294899
1618267
135127
703432
1022914
1681569
899195
838445
1713148
1501642
1143919
889123
610570
1431428
661963
1550474
726235
235992
6269
86684
1710726
1634795
89388
820645
1378009
782548
1288747
1486160
962808
1780367
263077
24081
1114396
420807
439305
691798
1750097
1264808
153610
491488
579781
715582
247721
136253
1677882
471641
568289
691753
290661
999497
1425357
1642001
1138207
223728
746284
295535
489558
966407
340430
529203
1392489
1554863
1569353
1357779
1713140
491608
844752
266360
331148
1486301
491222
781227
663349
1328662
241326
93726
1521636
1283201
491535
488890
820518
1094385
840220
929624
127693
1071713
1431414
906876
236358
269829
1487559
945618
1500704
498529
550487
781815
798678
499989
1705716
409081
840247
820857
1143500
1625977
617771
307473
734657
236744
839263
967994
356004
1690859
805895
1650197
247638
295414
1310499
1745027
640230
1125806
952378
1025812
50612
1025065
828102
545302
810136
499525
377754
602163
746048
1214842
1189411
766882
515208
69072
1073620
940496
1358379
529172
219985
1703682
503864
1139587
1591371
1724962
263221
745255
1184245
1675654
288807
814042
699918
1007181
148795
81610
980392
1381516
1433042
33743
1030671
1413771
990414
1192953
424847
78851
1101514
382112
1311190
1407293
635785
1498417
97105
1586798
1503753
1376226
431395
900295
417847
109870
598128
1439029
651431
1724455
1775759
218702
889270
1427827
1483231
110361
29036
366181
1203777
382944
1487200
781129
1486737
1724413
621908
303063
1737367
701238
1086862
974149
268347
120509
1739430
332261
677785
1060540
123342
102616
1398773
1362508
1571847
144948
1084158
1740690
1264946
746605
120528
715806
1484438
781233
222653
1170167
1588792
1610757
1033287
589411
1427810
746547
26416
66930
1022395
1743992
809489
667150
1205647
746298
491496
1481206
781151
629780
