535188
836276
1317739
499989
814042
1295890
498529
980392
153610
874115
1328662
1023375
471641
604194
499525
679388
595921
295630
1255217
1358074
19281
294430
608634
910747
1588792
1645455
263172
491488
236740
1501642
1508875
986090
1193463
1591363
610570
529122
521251
1491551
1158903
1245752
236257
235992
1498417
940496
288807
89388
163044
125533
908988
939582
1597497
295535
1500704
488890
579781
244531
1353675
236744
266955
602975
1491540
1748096
346619
635785
1625977
677785
1588315
537885
430894
776518
1192580
752437
529203
982944
491222
1526355
185064
967994
295508
958108
1724455
33743
153602
1012411
962808
725757
294899
978003
811424
236648
406972
1739430
1554943
1514430
715582
1618267
1123438
889270
235240
497197
148795
307473
1484113
1057776
820857
420807
629780
1486301
961854
268347
50612
1288747
746657
69072
1487200
1139587
1737367
409081
663349
1256364
488319
1264808
1750097
1550474
331148
901101
356004
1381516
110361
1389199
489558
144948
52526
606701
123342
369175
810136
1152589
1123638
1677882
745255
66863
1436432
1138207
430030
915680
1761528
529172
677386
1486160
1143919
691753
120509
1521599
241326
1294288
725743
722914
1178907
821785
691798
1487123
1655438
133082
598128
240991
430031
1439029
1745027
850711
1004172
488143
1022914
645747
1033287
1702658
366181
340430
382112
1610757
296675
703432
450459
746298
236358
844752
1093602
797728
1193272
1604716
640230
109870
1071713
130767
820645
1724413
1631410
1372415
1503753
1084158
1724405
135127
726235
1476032
1529457
490869
1496693
889123
1642001
1571847
621908
1500650
840220
219985
27881
820518
536723
495028
235773
1507350
1292455
1724962
103481
1407293
1743992
1264946
503864
930407
1720295
12503
937822
1702499
191835
1060540
1398773
417847
1376265
1489025
1175184
1535449
763750
785312
1483525
1114396
1125806
1376226
364317
1310421
250445
239836
386463
1086862
1425357
906876
1045114
485172
1554863
1785560
271211
1591371
227310
111959
1710726
1343221
236217
469930
247721
1358502
269829
1431414
1358379
1674332
1392489
899021
996580
416224
1101514
1535431
1311190
1146923
491535
490004
1214842
1413771
295414
945618
491496
1483421
1307562
220904
494593
1378009
918363
155523
1557727
84105
1434139
302514
490733
164706
786398
1732634
1192107
1274246
1183357
1020920
1075122
788704
1610305
781134
1048850
1264792
764362
769889
1715253
102616
1239176
1739559
1404449
1713714
1427838
1486737
1631584
783445
919450
1192953
595058
1780272
515208
37214
916823
489938
503729
66930
1654285
86684
1143907
1713125
1713140
1137052
914904
456849
746048
68389
821097
1543663
1740690
1310433
223728
911224
1654291
1483231
236634
1722797
370185
377406
1026643
206840
1681569
125202
1138186
899195
1143500
838758
1710729
258732
746547
691781
1283201
303063
1655784
902509
1068202
840247
120528
398624
189727
1673280
1390266
1509780
677752
1357779
720643
271084
710449
734657
17937
1114122
900295
157297
1414512
562074
1199801
781629
1358418
1432170
127693
929624
1098622
1196845
1634795
1094385
81610
1490071
1427827
598915
1569353
1007181
1333527
245029
151170
568289
1431428
289421
746605
1025812
746586
1675654
1561612
928982
990414
1464123
715806
1461674
1340906
515373
1614206
7660
617771
941384
781168
987736
651431
433678
1024201
1035291
146873
719652
1366509
1731461
1700094
1654265
1758048
1714064
1316275
1522981
491313
354354
18641
241180
1549742
1487100
871947
1729572
1203777
760855
530006
622753
900941
1702546
855075
513507
1729183
695646
1382393
1384695
785470
115784
1172245
1003397
1448696
109896
157726
353694
1067992
1366644
714148
261787
1390256
268081
1653560
959206
505022
785380
608841
12539
563098
835581
1373835
510163
510054
802873
1212558
56094
1131898
1441496
1386491
271188
509100
1361277
644610
879074
1761147
857303
1593588
958650
1519649
140145
508454
1253673
816246
729685
1374419
1264948
939741
868714
1595059
293200
900309
260509
1757940
75798
336717
781627
1146898
552627
490685
847376
1165480
1673099
554154
371888
1023443
1427398
415097
236720
1310416
1025241
1145818
825808
1349218
967316
1325176
822759
1613437
891244
837112
1397909
1256001
959227
466591
958896
1161884
1310499
944240
1755737
682995
1728577
1393504
585917
781154
236651
785434
1712367
1471573
984500
1462330
1403807
903910
781129
1523819
626170
582332
480414
783452
1481206
781186
542433
1242632
242543
305693
727342
1271157
699918
243254
355415
1713096
466867
1240664
580728
339754
1125360
639006
1329801
175016
431473
781219
1748693
442507
1464663
1732686
1295227
207803
1311758
1222039
59735
87061
708807
1027124
783302
1476820
321053
1703824
276175
1301283
727023
783456
1491035
425130
1174058
1030671
1758991
1139444
1399715
1750077
1744152
783034
554550
882801
918873
1387532
204639
1686171
832829
245170
1551265
899220
1522653
1127031
699745
1521636
1775759
946278
151042
776932
469898
353003
1438283
1558061
930730
264344
1173378
890072
1542575
122608
867453
897159
60160
216814
633492
782585
70076
485578
288118
936882
1670713
219687
1489123
1136385
1427810
741527
94997
263673
115926
342490
195114
1358414
984493
665730
383952
781628
820252
140331
602163
217204
889228
93726
1606914
785331
1261951
339345
1780367
1053132
236912
589411
438674
26416
642732
136253
852374
1451638
1038720
488355
908462
777682
121592
1690430
1064922
238387
1559324
552230
263077
582838
395142
1381715
1713148
766268
1056294
272005
495820
869872
1201128
1390307
884856
514024
1124800
176525
1227458
1390024
518156
114958
374260
1623539
1361495
814290
1264729
238400
482459
700358
89408
190205
893257
420219
1374020
158835
773749
723352
871260
127331
1160722
