814042
874115
1498417
153610
967994
1358074
1214842
1245752
1597497
908988
346619
295508
163044
244531
1486301
406972
296675
236358
499989
294430
1491551
608634
595921
1328662
1255217
610570
980392
1123438
910747
962808
677785
1491540
811424
235992
499525
1317739
1012411
294899
939582
236744
1023375
1645455
604194
663349
1500704
1554943
498529
471641
153602
1550474
1033287
491488
1138186
144948
1288747
89388
1508875
679388
1501642
1295890
1761528
1514430
1588315
1591363
1158903
836276
1677882
491222
529122
125533
844752
295630
537885
901101
148795
677386
1625977
103481
529203
1476032
521251
1484113
488890
489558
81610
940496
1724455
1486160
820518
961854
986090
497197
1139587
235240
288807
120509
1389199
1571847
1748096
709887
366181
430894
598128
1138207
110361
495028
536723
1264946
1737367
1192580
1739430
295535
33743
1588792
430030
123342
725757
915680
1022914
629780
978003
1521599
382112
1256364
1487559
821785
69072
1392489
889270
703432
269829
1425357
236740
1489588
1431428
268347
606701
945618
1439029
236257
820857
52526
602975
635785
1143500
307473
491535
133082
236217
6269
1178907
828102
1500650
488319
996580
1526355
1674332
1634795
1618267
785312
220904
1750097
1561612
1353675
1610757
645747
1358502
752437
691753
19281
691798
1745027
529172
1123638
776518
598915
579781
1057776
710449
491496
1292455
66863
834641
1440095
820645
701238
450459
715582
247480
1310433
1115152
1358418
897159
821097
766882
303063
51187
916823
1240085
1655784
1398773
1702499
240991
331148
1101514
1507350
458123
1724413
1110729
1535431
746605
1152589
1431414
490004
1205647
1125806
135127
369175
1343221
227310
1724962
1184245
1048850
332261
1199801
162238
1740690
241326
725743
1487123
416224
906876
1484438
1692108
902509
494593
1045114
1569353
490869
485172
734657
1026643
958108
900295
1743992
1675654
1307562
50612
1413771
1114122
1535449
1193463
1529457
1311190
247721
1084158
903391
1007181
1591371
295414
125202
889123
356004
409081
745255
982944
850711
185064
1389786
769157
1090632
623813
491095
224623
1356814
1561281
275485
1487987
1410011
1505521
23489
729685
634667
609196
1376721
2108
1717431
780138
1373768
433608
1595603
746136
20977
93700
1140283
1174152
1615047
711873
1732478
1282441
451496
766656
754687
1648426
1624113
444687
152875
1129013
151119
1147047
1366644
1270664
723821
835581
105619
679389
958896
452221
1068523
668853
1238936
1171325
1744200
1761147
888139
1404442
1113754
1602195
1549746
1508978
353208
1247491
430852
109485
108221
691330
828919
232300
71362
492013
494580
1039382
433207
476574
503265
1200542
510054
923637
1433047
1424373
1386491
866703
1774171
1349727
1328726
1713089
1734838
769078
881262
1068637
1308694
637716
1049179
1183357
793792
72541
1702546
391873
1343078
662418
433924
1765385
318984
1557771
179386
1107942
1317972
551781
381183
364471
509100
722033
821145
1466572
75417
1758760
1441496
1361277
336717
665659
739203
505022
190800
1634801
1508892
644610
1506790
919308
822759
158557
1637836
643798
1752867
724339
1287476
795431
844609
109869
879074
1694683
34187
1712536
1377994
1344596
510163
1749826
50421
271188
501917
1290955
86995
1097363
1020881
552627
1130488
293124
1740026
816246
1544448
490685
342902
1325296
1481338
489765
1619917
1167337
973122
235993
47618
573593
866357
234340
828606
822153
1770533
448479
1243534
275514
1625780
529449
311288
199546
639006
198617
1403056
1453929
1689792
1362859
268081
698211
302514
1020112
1712528
513658
622753
252589
288964
1377333
1101518
1274246
1045418
911715
1146898
355502
103976
415097
271502
140145
1212558
406334
282296
513507
626307
803114
1222039
832308
1494825
1397909
1176498
236651
1627758
185557
12539
1111271
89237
1401685
75798
1174022
891244
682995
732590
293200
752963
1335263
909125
536725
217204
781200
690305
1135367
1489123
1373835
209057
1277555
235040
1264948
1551265
465938
529146
148714
903910
1734372
608843
1676133
673940
1351968
1384695
1353684
757087
799703
1603779
817721
760855
288118
1027124
1303932
147960
1493302
972656
430041
786398
604212
474796
1533719
279870
954597
1547067
1037739
582332
766268
40909
254086
1293299
745742
1403807
1427763
773685
1349064
230838
902698
1358414
433158
173968
984500
900309
1523510
1010821
560108
27326
1324188
318255
219236
726932
850026
944240
860122
198863
1114783
1510564
608841
1522981
1316275
890072
1025241
363854
749701
1304684
1431915
538527
1427838
502814
1524840
802873
1115859
1521700
1142401
1544204
871947
1247103
493020
386469
1003910
1755737
783302
552230
781205
1125360
1216453
1490375
1301283
1675111
11518
245170
1728577
1522653
1554923
501043
72252
1295227
508454
867700
1724404
1349218
1310499
1491035
746617
1471573
1290107
921628
1729572
272005
841061
235496
462844
1514406
1238781
1481206
1089294
438674
1487100
781129
1676939
1227458
374236
904652
782585
1244128
1535155
708216
811493
35166
1744152
207803
263221
1147915
236912
781219
175016
694190
776932
1557727
236735
723189
1419303
650808
1770207
85053
59735
936882
1606914
595058
148831
1139444
355415
1703682
1374020
1575759
936840
301665
1376265
336320
353003
495820
834235
193491
727342
239836
899021
1427810
834371
1713125
2522
937822
155523
777682
633632
109902
781099
1713140
102261
1137052
146398
781151
1614206
965366
746613
914904
929624
1021300
746657
851927
404365
1139825
1257098
1710774
245543
695646
437960
306781
1153094
909795
1037933
785380
317765
453218
1710732
1591714
587590
1448696
529714
819921
277569
748416
1095765
1757940
860131
1403575
1003397
1361256
245176
353694
1687908
1612950
837112
173020
1009038
1175173
467390
247025
507482
