874115
836276
236744
296675
110361
908988
491535
811424
223728
1535449
144948
621908
1484113
1674332
1610757
499525
244531
1407293
1529457
1255217
1677882
748327
1569353
746657
1483421
1021300
1631410
266955
1022914
109870
369175
828102
332261
206840
606701
1724962
120509
488890
103481
715806
469930
752437
219985
1256364
1094385
1724413
1588315
677386
610570
838758
1389199
1033287
961854
123342
1748096
1483231
1439029
240991
1123638
1431428
820857
1328662
1740690
1588792
430031
1521599
266360
220904
1193463
1084158
1283201
1681569
356004
928982
1292455
1114122
839263
1381516
635785
529203
52526
491496
1554863
958108
503864
661963
1214842
1436432
1739430
1500650
915680
307473
241326
1057776
945618
268347
406972
1554943
430894
746613
677981
1745027
1146923
130767
68389
891925
1431414
1264808
1487123
1737367
850711
722914
776518
1425357
431395
820518
521251
1501642
19281
1264946
1392489
617771
1170167
76382
844752
1743992
227310
1358379
185064
579781
382112
1357779
1462757
1110729
746284
485172
1618267
568289
746298
715582
952378
1333501
1642001
785312
133082
180459
677752
456849
782548
691798
978003
1625977
1514430
745255
1098622
766882
130991
417847
1507350
1311190
127693
840220
1427827
490869
1591371
1724455
50612
1012411
663349
288807
66863
1101514
1143896
766268
290661
269829
377406
629780
162238
488319
331148
295535
1390266
1372415
374260
589411
781117
1487559
433678
1121844
296628
1484438
773749
12503
1343221
1376226
1378009
763750
1307562
1705716
1654285
903391
726235
781623
1138207
901101
1491540
294430
529122
1498417
940496
439305
781629
235240
494593
691753
340430
1414512
821097
1027381
939582
645747
26416
746586
1634795
1724405
929624
596642
822164
111959
563680
831774
17937
488143
247480
1143500
820645
908462
191835
387619
1025065
247721
1025812
1333527
1114396
999497
1561612
1007181
1571847
906876
