471641
1214842
1023375
1295890
1491540
295508
1508875
1255217
153610
498529
608634
595921
535188
811424
986090
346619
908988
874115
295630
579781
961854
235992
836276
606701
604194
1245752
499989
1358074
1012411
1597497
294430
382112
1554943
814042
939582
19281
1491551
677785
66863
1748096
153602
244531
1501642
1625977
980392
497197
1550474
940496
521251
1486301
123342
910747
1317739
962808
529172
491222
1610757
529122
967994
1288747
915680
1057776
499525
1498417
103481
901101
406972
1486160
1591363
268347
677386
529203
491488
1645455
356004
1389199
844752
1353675
1588792
120509
1743992
1521599
491496
691753
1328662
715582
110361
236648
602975
296675
377406
490869
1487123
1139587
33743
340430
266955
978003
148795
536723
1033287
52526
144948
89388
236740
1193463
537885
1004172
135127
430894
1311190
703432
1737367
1143919
50612
1591371
1514430
889123
430030
725757
1381516
236257
958108
610570
1588315
494593
1192580
307473
982944
820518
1362508
1507350
491535
1094385
1724962
640230
1571847
1152589
900295
850711
1372415
288807
1022914
1745027
420807
1123438
488319
69072
1436432
1138207
598128
236358
235240
629780
1292455
366181
236744
635785
1476032
679388
294899
163044
409081
6269
1569353
965366
303063
1021300
1171608
1378009
206546
715806
840220
220904
271211
491608
1143500
1439029
1175184
1138186
598915
120528
1007181
430031
1674332
820857
663349
1483525
1785560
1256364
485172
1526355
127693
710449
1484113
125202
196866
1618267
785312
746605
1529457
889270
1489588
1739430
722914
295535
746657
125533
726235
450459
1554863
185064
1724455
1158903
752437
331148
1761528
1500704
241326
1184245
240991
1681569
1205647
1358502
1115152
295414
1122694
633632
1673280
709887
1236869
781236
875630
235878
306274
1350746
1020881
510656
967316
809489
1043220
1733267
1003910
87061
723189
1390307
27326
1044430
1750077
29036
1351968
781619
1309321
783456
783452
1421759
538527
236912
122608
1341398
781815
1030671
296628
1427810
617771
1490071
1104144
1048850
1637567
1093545
1068202
89408
1128713
941384
1427838
78851
897159
838445
1124800
1368729
797728
141546
247480
493020
1623539
263172
1116832
1110729
1512834
974149
595058
1710726
852925
66930
862894
1713125
1390266
565413
496388
238387
1500650
114958
1606188
386463
130549
834371
665868
515373
1532253
1094446
1101514
364317
162238
781151
902509
121592
972454
1125083
1655784
1720295
1432170
24081
387619
512213
691781
1056294
1050140
1065455
1509780
667150
266360
1538410
503729
431304
1146923
640602
99831
1086862
701238
677981
1045114
891925
899195
763750
27881
1705716
1143896
1461674
1026643
1677882
1376226
488143
1724405
1358418
1294288
1713140
76382
206840
840247
289421
810136
1642001
374260
258732
1724413
1535431
227310
1631410
219985
1358379
151170
1264808
488890
1427827
821785
1397084
781219
726280
921996
889228
1433588
781159
871260
271084
377754
370185
821097
953153
781623
1631584
1084158
236634
1722797
1503753
888909
996580
820645
928982
1413771
568289
369175
745235
1710729
133082
1634795
1750097
1333527
838758
828102
81610
1483231
1199801
431395
1675654
332261
1407293
1483421
1404483
661963
990414
450007
1025812
1487559
1425357
17937
1740690
734657
621908
746298
945618
1264946
235773
746586
1123638
1431428
1114122
489558
1431414
1025065
691798
495028
469930
269829
420068
776518
247721
645747
1392489
1655438
1487200
1702658
929624
1343221
906876
766882
1310421
782548
1496693
1561612
952378
1489025
109870
1178907
746613
903391
999497
1604716
1196845
1307562
545995
746284
1739559
1114396
417847
745255
1022973
1257585
1484438
1398773
1440095
966407
223728
1654291
1193272
677752
798678
86684
720643
236217
606902
180459
1357779
1535449
783461
839263
1093503
1098622
1702442
1060540
47922
102261
1780272
781628
490004
1333501
725743
1464123
109855
12503
1125806
1121844
424847
58561
831774
946553
503864
1192953
1462757
439305
773749
190205
884856
1702499
1404449
908462
424630
295517
869872
1020933
1740809
1366461
189727
781629
781099
1156611
1610615
1376265
1043323
1093602
1283201
1614206
893257
265619
416224
1259684
562074
53741
1555041
218702
157297
230785
1587878
146398
130767
456849
1170167
155523
1099628
911224
1654285
368987
482459
1240085
849424
76719
489938
1577615
191835
130991
1692108
236732
615382
97105
1027381
1414512
1390024
68389
1542575
1745386
633492
518156
1022395
272005
1085169
1702510
1485803
937822
480414
382944
582838
1143907
1160722
781134
236735
891561
127331
589411
748327
1073620
1246878
353003
545302
822164
1490456
1071713
1491639
1713714
783445
723352
1137052
503755
245029
639568
7660
93726
239836
1035291
1692070
1340906
1690430
1381715
899021
455685
2522
936840
1606914
296693
880475
420219
102616
921628
495820
650808
1419303
90444
216814
1020178
1020920
111959
85053
987736
1398072
785331
914904
398624
1621758
1654265
250445
235496
469898
788704
1690859
783034
1173007
781205
1713148
1575759
170929
766268
515208
488355
981522
1486737
301665
946278
466696
1387532
1522981
148204
563680
984493
1535155
918363
263673
1358414
1024201
37214
1543663
304834
1559324
458123
383952
781168
741527
136253
94997
1261150
1361495
290661
1244128
1230169
1255049
777682
502814
1476820
781154
699918
570594
854699
1421781
1667039
12508
782585
1714064
1514406
783457
1050829
539431
491313
767759
383017
458484
764362
1310433
777733
1264729
930407
916823
1703824
465532
781117
1485417
274058
1264792
342490
651431
746048
339345
1433042
1261951
1227458
1744152
528197
1610305
1139444
446919
193491
1676939
1715863
585917
386469
1238781
1438283
501043
501126
652177
1290107
1399715
1770207
18641
