874115
110361
908988
978003
296675
153610
811424
346619
986090
900295
19281
836276
910747
223728
235240
236257
1597497
529203
1317739
1491540
606701
236740
1193463
521251
535188
691798
980392
1724455
66863
604194
725757
677785
579781
621908
491222
537885
1486301
499989
595921
1123438
1554943
1255217
940496
420807
1588315
52526
962808
498529
50612
244531
1486160
1170167
840220
1550474
1498417
1588792
332261
536723
69072
1484113
288807
1750097
1328662
236358
602975
1012411
608634
889270
610570
294430
430894
123342
135127
1295890
236648
1561612
821785
1491551
495028
148795
679388
1625977
382112
81610
746586
529122
1023375
967994
1634795
945618
781623
430030
295535
1591363
1554863
1381516
726235
497197
1288747
491488
236744
1500704
901101
1311190
494593
1372415
1724962
235992
1358379
1353675
1748096
839263
1529457
958108
294899
1114122
1143919
746298
691753
1739430
798678
568289
120509
635785
828102
746657
1610757
1645455
1569353
1476032
471641
640230
1591371
1004172
746613
899195
1677882
295508
1507350
24081
715582
489558
677386
485172
1033287
701238
450459
810136
1407293
1508875
499525
814042
1427827
102261
1264946
227310
889123
1292455
1413771
1139587
269829
125533
1535449
781629
1521599
1483421
1094385
1358074
1710729
268347
491535
307473
488319
1785560
820518
1114396
1745027
424847
1431428
331148
219985
1152589
1483231
488890
1158903
703432
1362508
409081
844752
746605
120528
33743
491496
939582
1674332
1057776
1256364
503864
1487123
1618267
1737367
752437
667150
782548
598128
629780
490869
1713140
439305
1487559
1022914
431395
1245752
340430
266955
1138207
1761528
1084158
1484438
266360
1439029
661963
1673280
1192580
1425357
906876
241326
1389199
1178907
821097
766882
734657
820857
430031
1489588
377406
1025812
1205647
1681569
6269
144948
1101514
196866
1357779
366181
1264808
1675654
12503
961854
840247
915680
663349
746284
356004
529172
26416
78851
369175
456849
127693
633492
545995
1642001
295630
1214842
677752
1571847
838758
1740690
645747
1743992
820645
1378009
776518
1343221
296628
999497
1056294
222653
1690859
1486737
89388
1098622
849424
974149
153602
133082
1623539
295517
503729
289421
417847
1021300
1713096
406972
515208
1184245
966407
1462757
781099
431304
1376265
1392489
1025065
1007181
247721
952378
1501642
1710726
1780367
1724413
180459
781154
416224
1045114
982944
66930
834371
838445
1483525
1390307
97105
699918
1631410
290661
141546
1650197
1196845
1514430
1431414
1702658
1503753
665730
1071713
1086862
103481
1143896
781151
893257
1294288
677981
1535431
929624
617771
1022395
1175184
1125806
469930
1433042
1060540
1491639
1384245
783461
748327
93726
1621758
1775759
162238
1227458
990414
86684
781159
831774
1606188
206840
370185
420068
1307562
781233
953153
250445
420219
725743
890072
1123638
781628
781815
639568
491608
235773
377754
240991
1715253
746048
1366509
1376226
1122694
1404449
602163
1310421
1490456
102616
908462
136253
745255
1027381
1722797
783457
170929
1073620
936840
834235
109870
386463
216814
1199801
7660
295414
783445
220904
29036
1143500
891561
1048850
518156
1038720
1236869
873557
1121844
781227
781134
897755
1745386
723352
303063
1705716
981522
1713148
1421759
911224
89408
176525
781186
1283201
850026
850711
218702
1427810
715806
1192107
1715863
130991
1655438
247638
488143
1192953
1631584
263077
769889
1189411
914904
785312
1422323
1587878
746547
109902
18641
1333501
1424168
114958
1138186
1201128
1050829
1026643
903391
1398773
1230169
387619
1421781
773749
1137052
996580
111959
265619
1333527
1433588
259702
382944
972454
480414
50937
1022973
47922
1461674
880475
1487200
651431
1670713
916823
1050140
1676939
710449
1173378
1610305
1489025
897159
1538410
1351968
1203777
1020933
1654285
235993
902509
1731461
1500650
1257585
1543169
936882
1734372
1655784
193491
745235
391873
304834
552230
788704
1519649
741527
191835
271084
1030671
1414512
1710946
1526355
490004
1521636
1087608
781205
1610615
1713125
1604716
891925
785331
1261951
1692070
1690430
185064
1481206
515373
884856
1387532
785319
937822
147960
1043323
1724405
745246
1127031
68389
122608
832829
545302
965366
928982
606902
1114646
339754
1559324
1044430
1397998
236634
764362
946553
781129
781219
722914
1311758
694121
1419303
1443613
1561415
1160722
353003
1393504
615382
27881
814290
1277137
786398
342902
1171608
17937
1340906
582332
1535155
271211
492292
1095409
1555041
135787
871947
236735
121592
1703682
318255
263673
822164
1244128
873953
263221
374260
71362
941384
921996
495820
763750
1702510
1495173
376749
1156611
189727
1654291
1023443
243254
314507
1264792
1432170
146873
517759
76382
1398072
425130
608841
1255049
1003910
797728
130549
665868
589411
888909
708807
781168
563680
263172
1586798
148204
1341398
816246
290474
767759
721272
899220
236217
1532253
781609
488355
958934
930502
1509780
820252
757087
1240664
811493
1757940
919450
1399715
1115152
1193272
782585
1366461
547187
442507
1739559
247480
175016
766268
1373835
1481338
398624
466696
241180
1355723
654991
805895
1614206
1020920
383952
237137
899021
431473
1261150
217204
1702442
1242632
834641
272005
554550
987736
1139444
1057579
852374
620736
1404431
99831
727023
1711740
828606
869872
305693
490733
1403807
364317
167639
433678
1423570
1686171
383017
565413
700358
151170
1554923
802873
1522981
783034
482459
529146
1358502
582838
700098
109855
550487
1102373
1259684
720643
163044
1257098
776932
1361256
302514
745742
1183357
190205
1125083
236732
206546
1462330
691781
809489
1176498
918873
1369903
1093503
431410
1744152
1045418
1175122
1581596
13834
259627
1374020
1770207
891244
466867
596642
158835
90444
1431915
640602
94997
130767
424630
1324188
1755737
354354
788760
512138
711873
847376
35166
374236
793792
785434
1773174
368987
296693
530006
219687
510656
1440095
1020178
1264729
51187
70076
1434139
831602
1512057
1774171
223031
1758991
245029
562074
1147915
438674
1020881
1104008
1687908
764820
512213
1544204
342490
1239176
1521700
725782
1143907
1310499
867700
1390266
1333950
1692108
1146923
493020
236641
821904
1702499
958054
234340
164706
1571134
633632
489938
1554913
1703824
918369
1344596
820075
783456
1733267
204639
1277555
323797
1464123
104737
1496693
1715668
1729572
306942
1358418
900309
769620
642732
455685
1183303
1694683
1124800
682905
1316275
781117
1732634
279870
443735
1760594
59735
157726
1427838
1377994
1104144
841061
1740809
1153324
195114
339345
1043220
709887
570594
163360
1702514
1325176
239836
1243534
1128713
1759519
852925
1333678
242543
822759
1750077
1240085
1295227
1037720
230785
539431
519560
449347
1490375
1731407
1381715
491313
585917
238596
1761147
1099628
1514406
781619
1024201
844609
981144
820156
1173007
1637567
275485
746617
1037933
1174237
301665
189214
1068202
781627
157297
910517
1333535
12508
559109
125202
496388
1724404
1765385
1613437
263003
84105
53741
1085688
288118
1524840
1038188
758379
1783103
1758760
749701
1112998
1264714
388012
274058
349828
531841
462844
1212558
867453
866703
251443
1229672
140331
903910
830183
1116832
1397909
1020112
1134961
1783779
1654265
785314
127331
1122855
783302
1328726
1075122
1542575
723189
433207
698211
52565
1358414
725751
739203
58561
1131898
47618
1501247
267948
24137
1374419
1156685
1085169
1577615
1134445
1303932
817721
492013
1060659
261787
719652
469898
1194312
1111271
1552400
781176
321053
777682
862894
1466572
1676133
1389768
60160
1508978
311378
1490071
1296039
722033
775211
11518
398110
