908988
900295
1588792
1158903
491535
356004
814042
1311190
1431428
746586
1288747
123342
1634795
1328662
1486160
734657
331148
1748096
1407293
81610
1025812
1554943
498529
967994
1425357
227310
290661
424847
962808
1761528
839263
1025065
782548
1677882
810136
929624
125533
961854
247721
488890
1610757
89388
889123
503864
489558
691753
491496
610570
78851
1381516
1357779
1292455
1033287
940496
295535
828102
1264808
382112
579781
1487559
1618267
746613
1550474
491488
715582
1483231
1713140
952378
480414
781623
439305
450459
1724962
598128
236740
409081
222653
906876
838758
1569353
1358379
1507350
223728
52526
1785560
219985
781099
268347
1690859
1073620
162238
1125806
307473
1123438
1139587
1642001
491222
677785
120509
216814
621908
703432
1376226
633492
798678
838445
1710729
901101
691798
1022914
86684
97105
608634
529203
1205647
430031
1498417
1192580
1703682
1310499
1554863
748327
1486301
135127
986090
974149
529172
1484438
1529457
776518
1143919
1503753
471641
1007181
1283201
1086862
1098622
1203777
153610
831774
820518
1101514
745255
1526355
1431414
289421
288807
1780367
1114396
1561612
746284
69072
1022395
635785
521251
1343221
1745027
1591371
111959
781227
1739430
33743
369175
294899
945618
1713096
93726
1023375
103481
889270
136253
701238
1610615
377754
485172
236358
781159
29036
1060540
1390307
235240
602163
746298
431395
1675654
1750097
6269
406972
1264946
1713148
1057776
661963
537885
1358074
640230
1433042
606902
515208
1424168
781151
840247
1366509
235992
726235
840220
366181
936840
1004172
1094385
499989
914904
497197
1214842
746048
1500704
966407
1606188
1143896
266360
269829
1591363
120528
303063
665730
1737367
1674332
488319
677752
340430
1681569
604194
499525
1413771
545302
1184245
180459
987736
1775759
24081
602975
1625977
1722797
1189411
318255
978003
677386
617771
1333527
1192107
1588315
332261
1501642
899195
1192953
50612
746605
26416
788704
1710946
834371
582332
1127031
1655438
781233
130991
1439029
1114122
295414
1571847
491608
1404449
240991
1491540
1483525
148204
663349
1012411
1170167
1026643
568289
1121844
766882
490869
972454
1535449
980392
1414512
488143
1462757
1443613
416224
1484113
1256364
377406
1740690
645747
1178907
1193463
958108
109902
176525
820645
1317739
916823
218702
816246
1245752
1255217
844752
370185
456849
1476032
606701
1427827
263077
550487
1372415
353003
589411
715806
781154
1160722
1489025
420068
1690430
821785
1631584
939582
109870
1373835
1705716
999497
746657
236744
1743992
158835
665868
781129
545995
417847
844609
241326
503729
122608
1084158
1521599
1307562
1230169
66930
1240664
1384245
1056294
1724455
1770207
642732
1487123
1500650
1378009
1433588
1487200
442507
723352
781628
1427810
266955
769889
1419303
1535431
1021300
1362508
1351968
1610305
783457
679388
811424
1422323
294430
494593
1650197
1623539
1138207
420807
1153324
910747
536723
230785
141546
1397998
1295227
489938
890072
1196845
1512834
1137052
68389
1490375
1353675
114958
235993
930502
1369903
490004
700358
1710726
1277137
1377994
469930
196866
431473
746547
871947
915680
386463
1027124
781168
820857
89408
1227458
651431
263221
391873
1310421
1724413
1486737
781815
495028
1491639
699918
802873
374260
1095409
1193272
1071713
1152589
519560
1774171
1538410
677981
1115152
382944
1686171
809489
1030671
1481206
869872
1003910
639568
965366
746617
745235
235773
769620
1199801
814290
783445
1421759
1521636
1045114
148795
236634
1398773
175016
786398
1508875
1692108
11518
1614206
1586798
364317
1156611
490733
193491
585917
1171608
189727
261787
1020933
1484878
290474
236732
1561415
1165480
1023443
1739559
1621758
1483421
1277555
1311758
1243534
144948
1403807
127693
1489588
206840
1715863
239836
981522
708807
1229672
682905
512395
102616
849424
71362
1043323
990414
1050829
996580
47922
376749
263673
250445
1543169
803114
1654285
304834
1724405
1255049
873557
1123638
50937
781205
1522981
629780
1143500
836276
1431915
295508
163360
937822
1333678
430030
430894
799703
1197918
781629
251443
485975
1114646
518156
295517
817676
1366461
288118
1111271
1349727
274058
1050140
745246
1734372
1740809
1702514
725935
189214
1524840
1670713
1702499
866703
1710777
782585
1038720
342490
1181438
897755
84105
106830
785312
1333501
919450
1201128
1057579
515373
276175
781117
1075122
781134
170929
897159
1393504
383017
710449
466867
529146
1264792
339754
1392489
953153
1173007
86995
1731407
102261
1571134
1514430
1135367
554550
1655784
271211
722033
314507
245170
1244128
1048850
1389199
236648
1597497
850485
918369
477351
496388
1464663
1694683
404365
108221
1750077
1340906
157249
1713714
817721
781142
267948
878501
785331
1587878
432797
1358418
259627
140145
1604716
1544204
349828
530006
797728
1355723
1653751
1374020
1481338
52565
1711740
259702
221623
420219
852925
1581596
1462330
383952
1257585
1514406
446919
59735
880475
727342
776555
1423570
147960
223031
565413
502814
667150
832829
884856
654991
831602
182974
104737
1257098
424630
1373768
741527
1024201
425130
1702658
1027234
133082
12503
821097
1128713
302514
1532253
53741
1020178
891244
433678
958934
491313
190205
764362
785319
1554913
1745386
1555041
1544448
1104144
908462
191835
1294288
900309
1236869
247638
1173378
27881
781186
293127
1712367
296675
529122
732590
788760
433207
127331
66863
725757
893257
224623
615382
752437
1295890
346619
777897
781619
430852
1497245
495820
70076
1692094
238596
305693
234340
728185
1122694
891561
899220
1038188
198617
35166
52530
430698
1194312
1174237
1761147
834235
280559
342902
850711
1673280
599327
899021
1471573
260509
1765385
1487985
