490872
1123438
125202
568289
102616
1587878
377406
81610
862894
258732
783461
241326
1110729
191835
626170
1487200
1333527
868714
27881
189727
469930
974149
1123638
850711
230785
489558
1740690
1294288
918363
17937
1618267
222653
958934
386463
1366461
1146923
1170167
1094385
491488
621908
515208
1353675
50937
1020920
811424
1139444
1381516
1731461
972454
691781
1372415
1440095
1432170
47922
709887
1361495
1022395
782548
58561
1068202
53741
783445
1084158
439305
1392489
1399715
296693
245029
86684
984493
1610305
530006
1351968
388012
420068
911224
529122
1283201
1433042
746547
908988
1240664
763763
416224
1261150
805895
1491551
406972
69072
1486737
382944
783457
503864
781099
303063
1443613
727023
1024201
1259684
781227
698211
722033
746048
1115152
1602280
1065455
250445
640602
1614206
1143907
1464123
545302
1143919
295630
497197
1554863
305693
2522
1690430
651431
274058
206840
1098622
1350746
295517
777733
1491035
665868
433678
782585
781233
155523
781159
1713140
185064
1414512
1407293
1025812
820518
196866
579781
8956
1637567
420219
1095409
1102373
1277137
1073620
701238
1236869
259627
1610615
235992
266955
1310421
235238
962808
469898
582332
1278865
748327
769889
190205
1093503
966407
1713148
1035291
700358
1060540
364317
1196845
734657
236744
236257
1439029
1522981
652177
1524840
916823
903391
921996
677981
849424
769620
930502
1424168
1390024
889228
908462
1606188
332261
1509780
1507350
1114122
725757
1056294
1045114
159593
221623
458123
1510564
814290
1137052
458484
490733
263172
12503
417847
999497
1139587
953153
873557
517759
293127
1702499
946553
430031
1588792
1483169
1387532
236732
838758
531841
1116832
1441496
1421759
162238
369175
1623539
1604716
503755
383952
502814
781134
776518
1177137
903910
1711740
1713096
1093602
1654285
746284
1529457
382112
745235
1317972
826528
1310433
1631584
78851
1143500
518156
218702
148831
1362508
1257585
1025241
981522
1048850
374236
580728
1071713
633492
1484113
1655784
1724413
677752
265619
424847
111959
1740809
657626
867453
563680
620736
867700
466696
1174058
781151
1138186
151170
633632
1389199
710449
545995
1692108
146398
1739559
1212558
1686171
260509
519560
236720
496388
832829
89408
1496693
1702442
1264808
1715863
1101514
1677882
135127
982944
1521599
491496
1436432
11518
1160722
485975
1485417
266360
387619
781186
1624113
382979
1134445
1702514
1010821
259702
1156685
1001266
343531
1514406
897755
321053
109902
78681
781815
1087608
1030671
130991
398624
1713125
336320
1606914
1398072
1341398
1745386
130767
1535155
1128713
1261951
785314
1485803
456849
1007181
1427827
1012411
606701
1374020
1304684
1277555
639568
1022973
838445
1715253
882801
26416
377754
1462757
840247
370185
223728
1093545
1710946
35166
1487100
391873
857303
776932
497236
1349064
1246447
1173378
314507
1093482
788704
1368729
503729
1004172
102261
462844
987736
1729572
1192953
140331
1676939
146873
1310499
783456
785331
176525
773749
180459
331148
29036
70076
654991
474796
1481338
1358414
280559
395142
684376
1431915
424630
766268
482459
480414
1532253
763750
1053132
1343221
236217
899195
366181
1486301
430030
1535431
677386
294430
906876
847376
897159
1085169
1023443
834235
1775759
1702510
120528
781629
1489123
1423547
538527
918873
1654265
318255
820273
491313
1094446
1244128
1780272
7660
746586
1500650
797728
490869
206546
1785560
1710729
1610757
1486160
236648
536723
1427810
1310416
190800
1748693
163360
1575759
1585448
455685
1384245
1491240
1476820
356004
945618
978003
1702658
198617
1758991
217204
563098
559109
1027234
1276085
18641
1145627
937822
495820
175016
1171608
1390266
238400
488355
271211
1020933
1152589
431395
144948
122608
1583992
1770329
552230
529146
1201994
1700094
368987
785312
6269
715806
891561
952378
785319
946278
689951
236641
1755737
1728577
1239176
839263
235240
34187
494141
109950
817676
1490375
820156
84105
1340906
355415
279870
1296039
739203
342902
1038720
959191
263077
1264729
1192107
1490456
890072
1538410
493020
239836
871260
170929
694190
1654291
99831
746613
1381715
928982
725743
722914
828102
450007
431304
1178907
1483421
1022914
529203
598128
726235
199546
238157
742646
526817
243254
1393504
1577615
1390307
1397998
485172
589411
1143896
1295890
1408217
1427763
816246
1750077
489938
711873
84515
852374
131331
501870
1372336
1464663
195114
1740026
1104144
1462330
90444
785434
1153673
127331
485578
263673
136253
263221
596642
1732634
1044430
1329801
822164
595058
1050140
383017
602163
1722797
1710726
85053
1027381
869872
645747
1571847
450459
491222
1184245
1026643
874115
148795
1146898
729965
831602
1627758
1201128
921628
700088
1425357
235773
307473
499989
1491540
986090
1586798
760855
1760594
650808
815919
1260511
774771
1037933
699745
1020112
242543
1111271
783302
820075
900309
1667039
235993
899220
926424
902698
386469
1104008
238596
1734372
871947
236735
236912
899021
27326
880475
834371
1559324
104737
1242632
1552400
817721
936882
247638
570594
1670713
642732
1124800
1366509
1543663
723352
1404449
97105
1376226
1555041
1378009
512213
296628
374260
936840
640230
965366
1158903
1675654
240991
1487559
661963
720643
123342
1514430
910747
499525
1745027
1557727
769157
290474
834641
1027124
639006
1050829
1433588
109870
430894
1508875
919450
1341229
93700
1384695
1039382
1512057
503265
1676133
719305
1374419
781142
1554923
75798
23009
665730
1471852
1274246
631776
501917
841061
1183357
339754
528197
1512834
1549742
148204
1481206
746617
1427398
1099628
1255049
708216
1043323
1621758
781168
930407
12508
1193272
272005
990414
1021564
914904
501126
1086862
1357779
777682
1025065
1503753
996580
1205647
1724962
889123
1307562
133082
1737367
715582
608634
1591363
752437
1543169
1271157
235878
1404483
727342
223031
1135367
854699
821097
1713714
254086
547187
1563867
822699
708589
1238781
271502
673940
1759519
802873
1715668
1374705
277569
1037739
167639
1637836
1186183
1383625
59735
809489
1397909
910517
1085688
449654
508454
1216453
1423570
1742203
51187
60160
264344
204639
1422323
866423
307778
726280
1542575
37214
690305
406334
1780367
831774
767759
1175184
891925
1376265
1125806
562074
798678
76382
746298
1240085
68389
1705716
288807
125533
296675
1634795
828606
745246
1714064
1609728
1495173
1145818
781628
1650197
1744152
1489025
238387
1125083
667150
1446519
536725
617771
888909
1358502
691753
1483525
1295227
616826
1453929
76719
271084
109855
304834
1451638
193491
539109
442507
106830
820252
1508892
1703682
554154
1264714
1336269
892171
1175122
769078
891244
732590
216814
1121844
560108
750237
1421781
103976
164706
1490071
121592
1461674
1021300
873953
1561612
1743992
598915
958108
1193463
1761528
354354
825808
1335263
50421
512395
539431
1057579
1177220
449347
1325176
1770533
1558061
930730
433608
465532
72252
565413
1337681
1690859
699918
130549
114958
1720295
1692070
1156611
420807
691798
494593
901101
1138207
915680
604194
967994
745255
766882
1358365
1151969
379929
140145
682995
1494825
245176
1724404
342490
725782
746605
1214842
629780
219985
1358379
1033287
488143
1561415
918369
741527
1493302
490601
783452
1246878
810136
1483231
929624
1625977
820857
836276
595921
1675111
1758760
290661
588494
1389768
363854
207803
1544844
786398
1125360
871628
1176498
840206
981144
1373835
435169
196745
430741
1125177
1377333
1089294
958054
1290107
1403575
271871
1333950
436705
1156337
1353684
1733267
261787
1613437
1772834
1227458
141546
1161884
781219
1189411
115926
267948
66930
Weibo/Seeds/final_seeds.txt
88
179
269
352
438
521
608
695
780
859
