874115
908988
579781
595921
1122694
814042
1245752
295630
295508
236648
471641
153610
1508875
604194
499989
19281
752437
1023375
1353675
244531
346619
1554943
910747
1625977
1317739
1491551
1597497
679388
1501642
939582
294430
1295890
962808
608634
498529
1500704
382112
66863
163044
537885
535188
901101
294899
1761528
153602
491222
811424
1498417
606701
1255217
33743
836276
1358074
491488
125533
726235
1645455
110361
986090
982944
488890
1491540
1476032
1389199
1288747
1591363
940496
602975
499525
148795
967994
980392
629780
235992
1192580
1158903
725757
1588315
529203
1748096
1550474
1554863
295535
1486301
236744
820518
1571847
610570
235240
1214842
236358
663349
715582
491496
746657
776518
1439029
219985
1193463
488319
52526
1484113
961854
677785
1486160
144948
1569353
220904
490869
1677882
488143
89388
1521599
1724455
268347
1372415
1138207
691798
236740
406972
1328662
915680
236257
185064
495028
521251
745255
1487123
266955
69072
1588792
1256364
536723
529122
1737367
1311190
1123438
1507350
1702658
1745027
1529457
235773
1138186
295414
746586
844752
722914
1333527
1264946
621908
1007181
485172
307473
450459
497197
746298
734657
945618
821785
900295
1610757
529172
356004
978003
288807
1526355
958108
677386
1012411
1724962
430894
245029
545302
596642
374260
974149
387619
271211
424847
1722797
289421
1427827
491608
1509780
1427810
370185
1655784
1205647
125202
1025065
746605
839263
258732
1483231
223728
1750097
1143500
151170
1674332
840220
1431414
1487559
331148
710449
1139587
996580
1484438
1724405
127693
1358379
1143919
1710729
1634795
409081
598128
296675
133082
645747
369175
1123638
850711
1489588
1431428
691753
1004172
120509
494593
1343221
928982
1483525
640230
1292455
1618267
820857
1514430
1436432
1178907
103481
1739430
489558
1631410
1057776
81610
1022914
1591371
635785
889270
1743992
206840
1264792
