471641
1214842
153610
346619
1245752
1645455
1317739
910747
294430
836276
1295890
814042
595921
1554943
498529
980392
940496
110361
1508875
52526
908988
535188
406972
295630
499989
874115
296675
1486301
967994
602975
163044
1138186
608634
529172
691753
499525
1491551
1353675
491496
579781
939582
33743
811424
529122
244531
1491540
1193463
19281
236257
537885
610570
986090
1389199
889123
1748096
1597497
978003
185064
1591363
604194
1588315
1431428
606701
66863
1192580
1501642
1550474
677785
1476032
715582
1745027
1023375
889270
1554863
1750097
691798
752437
144948
1498417
1487200
1139587
1012411
621908
430030
1358074
153602
635785
521251
81610
1588792
497197
236744
1255217
725757
1264946
961854
1486160
1431414
294899
915680
1288747
598128
295508
962808
1057776
123342
491488
536723
629780
89388
679388
120509
489558
488890
1328662
69072
1123438
356004
598915
450459
640230
945618
485172
1439029
1152589
1489588
746657
430894
1761528
820857
148795
1743992
982944
151170
1413771
1710729
844752
340430
220904
235240
776518
235992
235773
901101
1333527
236740
307473
1724962
1514430
1625977
1500704
1358379
382112
1677882
720643
1724413
783452
1432170
1390266
491608
1740690
1702499
1257585
840220
431304
206546
710449
1737367
703432
488143
430031
366181
821785
1392489
1311190
1591371
1724455
1143919
1702658
1033287
1123638
746586
491222
420807
1022914
495028
236648
1025065
1655438
1535449
490869
810136
746298
645747
241326
1529457
1407293
1138207
103481
268347
236358
125533
1256364
1739430
1484113
677386
1372415
1535431
488319
1610757
1264808
1004172
1521599
838758
1292455
958108
409081
288807
726235
133082
928982
127693
1503753
369175
1483421
99831
1175184
745235
1101514
332261
1461674
849424
263673
1433042
354354
1740507
1426508
829317
1201598
765719
1153094
1353684
825808
1770533
1177220
1720215
811493
86995
1197918
1038188
1310416
1381715
1389768
1037720
1104144
616826
1510564
785314
1156337
8956
1559324
170929
50937
1374020
1137052
148204
1020920
1713148
176525
691781
1538410
1173378
1255049
1732634
1093602
946278
295517
1240085
937822
191835
996580
271084
1637567
1340906
450007
781628
89408
563680
1710726
1780272
1398072
952378
125202
1071713
1193272
781168
606902
130991
640602
503864
1246878
891925
1604716
76719
387619
781099
785312
66930
1512834
1713140
821097
946553
746284
518156
1236869
1026643
386463
1125083
109870
661963
180459
1376226
377406
1507350
236217
120528
999497
1343221
1171608
781629
1655784
490004
431395
271211
501126
1125806
1654285
1307562
545995
840247
667150
781623
766882
1178907
1483231
1310421
1398773
1484438
1785560
798678
953153
1526355
1114396
1184245
1675654
1381516
1427827
364317
240991
1634795
1571847
900295
266955
50612
734657
663349
1114122
1427838
889228
1050140
245029
1673280
1122694
839263
903391
1569353
1496693
1674332
746605
6269
494593
1436432
331148
1143500
850711
1631410
1487123
745255
1158903
27881
1025812
1487559
227310
722914
219985
906876
828102
1618267
1259684
47922
236634
1110729
529203
295535
491535
247721
820518
1199801
1724405
1170167
1084158
1007181
289421
1561612
1094385
1358502
196866
417847
1681569
1705716
782548
715806
295414
265619
503729
568289
1115152
1205647
135127
1196845
1642001
1045114
206840
512213
763750
68389
269829
677981
1283201
701238
17937
456849
1722797
974149
1425357
370185
929624
891561
965366
677752
1464123
424847
1500650
773749
469930
258732
1440095
1098622
1358418
1489025
130767
420068
1715863
1462757
102261
1362508
374260
936840
190205
1146923
911224
189727
398624
1086862
899021
1143896
1160722
746613
1427810
1485803
1378009
58561
78851
1702442
1654291
709887
1021300
1156611
1294288
130549
589411
899195
1739559
1483525
1376265
146398
1310433
76382
615382
223728
565413
1357779
783461
820645
1027381
902509
1261150
303063
966407
1509780
12503
1043323
1143907
972454
296628
797728
1056294
1390307
1720295
1587878
1060540
7660
109902
1065455
416224
1451638
1068202
247480
1192953
1692108
274058
382944
921996
783456
1093503
263172
1333501
230785
1022973
193491
222653
239836
918363
746547
1554913
1035291
781233
990414
1022395
90444
236732
304834
834235
723352
725782
162238
888909
109855
1650197
1173007
781159
725743
515208
296693
914904
869872
35166
1361495
24081
941384
377754
1780367
155523
488355
495820
602163
1555041
1020178
1264729
1414512
528197
1543663
1621758
37214
1532253
1366461
121592
515373
1397998
86684
862894
785331
831774
1690859
157297
1116832
496388
53741
1522981
1552400
545302
834371
639568
383017
1368729
1230169
148831
236735
1145818
633632
1558061
458484
1124800
1239176
368987
1740809
873953
781815
1614206
1044430
1048850
111959
700358
1038720
1128713
783457
1690430
148714
1745386
514024
290661
1610305
908462
247638
531841
1702510
266360
1606188
383952
195114
884856
1264792
617771
781151
1433588
1713714
936882
439305
652177
582838
2522
259627
446919
250445
633492
918369
893257
854699
562074
1631584
1758048
263077
97105
336320
777682
781134
301665
218702
930407
1577615
987736
1610615
595058
1073620
1099628
12508
838445
788704
1692070
136253
114958
1676939
1491639
1094446
782585
764362
85053
501870
694121
219687
657626
783445
1244128
60160
480414
236641
369135
424630
1602280
1053132
353003
1278865
216814
766268
238387
245170
1606914
24137
1399715
1427398
981522
158835
236912
1358414
665868
493020
538527
1490456
1419303
94997
1301283
465532
750237
832649
1703824
455685
1174058
51187
433678
871260
223031
1421759
1514406
748327
1102373
1085169
727342
867453
395142
529146
1713125
503755
489938
1020933
339754
1770207
70076
1387532
1667039
1227458
626170
236720
1476820
1421781
1524840
570594
1486737
785319
243254
175016
1174237
442507
127331
1490071
651431
708216
1731461
1623539
1001266
93726
642732
1201128
1714064
767759
1341398
491313
1277137
1093545
1627758
958934
1613437
87061
1502880
1700094
984493
781227
959191
1121844
342902
585917
1557727
1424168
321053
880475
926424
1093482
26416
59735
135787
781154
699918
1775759
264344
238596
654991
783034
272005
314507
501043
1670713
1366509
1390024
1561415
830183
665730
539431
238400
803114
221623
1003910
1542575
469898
916823
1554923
897159
376749
1175122
1713096
1654265
458123
72252
1027234
482459
241180
860122
1064922
899220
276175
554550
122608
1609728
1501247
781129
725935
746048
749701
746617
568681
1581596
1404449
140331
871947
764820
781117
1495173
237137
339345
1310499
1783779
1710946
769889
781186
1050829
1161884
1431915
559109
259662
1192107
1755737
1311758
781205
1335263
891244
141546
1422323
1491035
342490
921628
1087608
449654
1329801
1216453
204639
719652
699745
852925
1733267
727023
1393504
596642
550487
466696
1021564
343531
552230
1153324
267948
903910
1384245
850026
1729572
1276085
431473
1271157
1694683
776932
1295227
131331
868714
1712367
1773174
805895
1703682
832829
1025241
18641
1675111
1238781
420219
1114646
1438283
852374
710228
760855
1153673
146873
608843
1715253
1139444
708807
1203777
502814
1349064
1089294
1095409
438674
530006
822164
242543
1277555
1490375
280559
164706
23009
474796
814290
245176
102616
1758991
1669342
151042
904652
489431
1201994
1489123
1462330
700088
235496
1222039
1325176
959227
305693
436705
150068
1543169
406334
1127031
374236
953833
1748693
769620
1247103
462844
494141
104737
622753
866423
781609
29036
820075
109950
1183357
1242632
485578
160081
834641
1274246
1535155
1443613
786398
1744152
490733
820156
890072
1115859
1264948
820252
263003
1446519
739203
260509
1521700
1493302
159593
1142560
580728
822699
1135367
781142
171738
919308
1522653
1027124
721272
318255
847376
1575759
288964
1023443
809489
1186183
973122
1544204
919450
882801
84105
1484878
1142401
508454
1351968
930502
388012
930730
1686171
690305
189214
1136385
89237
529449
388540
1563867
1304684
381400
781619
272334
512395
425130
275514
1112998
1147915
726280
27326
742646
263221
1373835
293200
783302
867700
1290107
1464663
1481206
909125
1761147
196745
741527
841061
745246
639006
560108
1732686
448479
1296039
1523819
1189411
490685
1485417
781176
650808
391873
1333950
911715
563098
873557
1309321
620736
742379
1521636
217204
510656
785434
1030671
1471545
815919
432901
357209
466867
799703
230838
492292
147960
732590
279870
536725
140145
513658
643798
1024201
1256001
115926
1471573
106830
1240664
817721
1731407
582332
897755
1361256
1075122
1434139
900309
355415
826528
1761045
1403807
1125360
954597
386469
781627
236651
198863
1341229
1571134
1247924
275485
997386
1728577
1174022
816246
1760594
781219
199546
293127
1104008
1487100
288118
1261951
1156685
943905
1717431
1067992
84515
1010821
588494
425713
793792
918873
1734372
547187
372465
1586798
219236
723189
1194312
1750077
268208
682995
1316275
1317972
47618
1634801
502737
758717
209057
1146898
519560
1723646
866357
828606
1039382
1420051
1333913
689951
726932
1101518
843523
371888
944240
763763
485975
1777355
349828
1052994
1134445
1593588
1710717
604212
1355723
777733
857303
1533719
1758760
1557771
744319
11518
1551265
1377994
700098
1401685
1423570
302514
75798
198617
1664144
1687908
1491240
1007684
740688
1625780
844609
254086
277569
698211
758379
109896
1334049
781197
1003397
694190
1176498
1045418
1260511
1549746
788760
466591
1384695
1333535
517759
173968
874649
1183303
1336206
526817
163360
1603779
259702
1043220
190800
910517
554154
1246447
