294430
908988
980392
1317739
33743
579781
1508875
19281
52526
1245752
940496
725757
677785
1328662
1501642
608634
535188
1358074
986090
604194
244531
163044
595921
1597497
629780
1288747
874115
236358
1588315
153610
296675
1591363
602975
125533
811424
967994
1139587
295508
491496
1645455
910747
814042
1498417
537885
430030
961854
497197
752437
521251
295630
836276
1625977
409081
1158903
144948
1192580
66863
610570
346619
1295890
598128
1486301
236744
1500704
1012411
148795
1491540
1023375
1554943
1588792
635785
498529
236740
889270
235773
945618
1431414
901101
606701
1514430
430894
491488
1436432
677386
110361
1521599
1004172
294899
1554863
1748096
663349
1353675
1358502
123342
679388
295535
499989
471641
1484113
488319
982944
1724455
1381516
1491551
621908
185064
1022914
1486160
529203
236648
1476032
491222
1358379
120509
1761528
1610757
499525
962808
939582
978003
266955
356004
176525
1675654
1372415
220904
820518
776518
69072
720643
1256364
691798
844752
915680
307473
746298
1311190
268347
288807
227310
1439029
1255217
382112
1550474
235240
153602
489558
1677882
1642001
1724405
1507350
1020933
1115152
838758
746284
125202
782548
68389
127693
850711
1143919
1413771
1634795
710449
746586
241326
50612
1655438
1407293
715582
1631410
103481
89388
1123438
235992
1057776
1674332
691753
340430
1483231
1745027
746605
269829
490869
1431428
219985
1526355
1529457
1750097
1114122
1214842
1022973
1025065
703432
1743992
1427827
488890
1264946
745255
1487559
958108
366181
420807
529122
495028
494593
1033287
485172
1236869
1535431
295414
133082
1146923
417847
899195
1462757
1333501
1414512
1464123
1404449
97105
811493
1637567
867700
1443613
236912
230785
1692070
1390024
563680
1490071
266360
1261150
1422323
596642
834371
1128713
1056294
1390266
797728
831774
238387
1440095
1670713
1702499
1193272
1745386
490004
155523
503755
615382
1362508
781623
972454
495820
491608
996580
903391
677752
1673280
763750
545995
1125806
456849
431304
1503753
374260
1535449
1343221
1487200
798678
368987
331148
1138186
598915
1496693
377406
1710729
1461674
999497
1591371
469930
839263
1143500
1175184
1184245
431395
450007
1569353
1264808
889123
240991
928982
810136
734657
420068
430031
1138207
247721
1618267
1292455
726235
1739430
820857
821785
1737367
1244128
1604716
109870
289421
929624
1724413
1561612
81610
645747
568289
27881
1702658
1193463
1489588
1483421
529172
1123638
450459
536723
236257
746657
406972
900295
1389199
1487123
369175
828102
488143
722914
1310421
1740690
1724962
1199801
1257585
1122694
17937
1007181
902509
1571847
491535
1152589
135127
151170
1705716
1425357
1178907
715806
1101514
1170167
1025812
332261
1094385
1333527
1681569
746613
906876
76382
180459
1509780
840220
386463
709887
952378
745235
303063
640230
966407
1376226
1114396
1307562
1485803
503729
914904
965366
1084158
1483525
196866
120528
1358418
1205647
1713140
24081
1294288
1143896
162238
1722797
1065455
206546
265619
1021300
953153
76719
820645
1785560
258732
6269
691781
206840
223728
1357779
1310433
1045114
271084
1500650
725743
990414
701238
783457
1392489
1490456
946553
633492
1398773
190205
364317
785312
370185
1026643
1484438
1780272
86684
1240085
515373
295517
271211
496388
1093503
667150
1124800
304834
677981
840247
781629
387619
661963
189727
1027381
148831
1035291
236634
746048
12503
884856
1278865
1606188
130991
1378009
562074
1071713
1121844
1702442
788704
1064922
891925
236732
781219
466696
822164
1196845
1098622
1048850
99831
1043323
781233
1116832
1156611
781099
377754
259627
918363
1230169
888909
170929
512213
723352
821097
416224
66930
424847
1110729
493020
1125083
439305
245029
47922
893257
640602
781628
191835
1093602
458484
1655784
1432170
1264792
