908988
1476032
691753
294430
235240
939582
450459
296675
967994
910747
677386
1094385
1588792
1158903
1500704
602975
307473
1750097
810136
978003
382112
1591371
125533
1295890
1292455
1748096
1634795
1427827
223728
295535
635785
1591363
821785
679388
295630
952378
499525
491535
1561612
1610757
900295
782548
608634
962808
986090
89388
135127
491496
1255217
537885
521251
498529
1491551
370185
503864
294899
424847
1372415
499989
980392
1358379
945618
288807
488890
471641
236358
889123
1739430
579781
1529457
488319
497197
1057776
1381516
606701
1498417
1484113
1491540
1358074
295508
820645
1121844
1433042
726235
781233
420807
1022914
69072
439305
701238
1086862
216814
814042
235992
515208
1618267
828102
734657
746284
901101
889270
1487559
1486301
1214842
1724962
1004172
568289
1431428
610570
491222
1311190
1033287
81610
820518
494593
123342
691798
332261
491488
430894
746298
604194
958108
430030
19281
1193463
52526
236257
797728
342490
981144
1398072
1731407
781186
545995
1462757
1724405
433678
250445
1471573
1760594
972454
1421759
725743
1487123
1376226
1424168
781205
746048
1399715
235993
816246
929624
1373835
420068
781154
1138207
266360
832829
582332
1571847
1535431
1486737
247721
29036
1427810
1675654
33743
490869
1357779
218702
781159
1483525
180459
196866
999497
377754
1690859
1362508
219985
289421
1283201
974149
1071713
102616
1056294
1677882
480414
545302
331148
153610
1333501
1073620
1785560
748327
1431414
840247
703432
103481
1625977
766882
781099
529203
844752
268347
1170167
1507350
1713140
1745027
776518
130991
715582
640230
1025065
1192953
1114396
489558
598128
1775759
120528
899195
617771
269829
431395
1125806
1143919
1724455
295414
1681569
377406
409081
961854
227310
1535449
1378009
366181
1101514
1025812
26416
222653
1550474
120509
838445
1123438
1761528
1554863
746605
746613
1425357
78851
1205647
1569353
840220
1588315
1710729
1288747
940496
1483231
1328662
236744
746586
746657
536723
1554943
1012411
1317739
1023375
725757
406972
1645455
346619
1597497
66863
595921
811424
244531
1689792
1095765
1172678
221623
296693
782585
1197918
1243534
501870
245176
99831
59735
631776
382979
725782
799703
850026
559109
466867
891925
288118
1702658
1095409
52530
1692108
51187
354354
301665
263172
191835
1431915
746617
108221
1462330
490733
1713714
1774171
146873
76719
1509780
1732686
157297
230785
748416
959191
1013622
725935
1765385
1489123
1481338
140145
1542575
596642
1307830
271084
158902
1757940
508454
852925
793792
829794
272005
1194312
662418
1487480
431410
1490456
1759664
86995
135787
601377
1050140
52565
1484878
1111271
1173007
817721
115608
694190
1712367
125202
1750077
1358365
430852
1226730
1043220
1135367
267948
785319
53741
817676
512395
383017
1524840
425130
1587878
1464663
871947
654991
374260
1003910
1030671
880475
1403807
608841
1397909
1654265
903391
785312
1627758
182974
1174237
11518
785434
446919
264344
293127
435169
841061
1181438
1010821
1023443
404365
711873
776932
121592
271502
888909
18641
1759519
1713125
1333950
781176
491313
342902
1020933
1713089
265065
453593
847376
1358418
217204
1433588
682905
820156
259627
694121
739203
469930
305693
1043323
290474
1783103
364317
236735
677981
1377994
800456
274058
852374
106830
745235
189214
831602
353003
243254
251443
884856
529146
893257
620736
383952
71362
781117
175016
781168
667150
834641
116797
1755737
1373768
265619
1581596
1102373
1710777
699745
27881
691330
1673280
719652
958054
261787
821097
1257585
1637567
764362
493020
1038188
911224
302514
763750
271211
615382
1687908
449347
1761147
1384245
1340906
1122694
109855
489938
47922
1443613
1614206
745246
247994
376749
158835
1311758
1193272
490004
1229672
1487200
318255
899021
1743992
1631584
507035
1239176
767759
1277555
1038720
1432170
1472051
1037933
339345
1397998
891561
1554923
1143896
1393504
167639
432797
899220
13834
146398
642732
900309
1329801
1686171
485975
1554913
1715253
781197
259702
777682
916823
1404431
245170
241180
1257098
1770207
104737
897755
700358
314507
781134
1050829
1561415
1740809
236634
1512834
849424
665868
1571134
189727
247638
639568
773749
891244
981522
349828
210433
518156
1702499
377385
1027234
1020881
803114
1745386
822164
12503
163360
821145
1490375
1355723
908462
530006
1544448
133082
1057579
109902
387619
890072
965366
996580
420219
1294288
878501
1333678
1559324
193491
783302
1621758
1171608
1369903
919450
1610305
1744152
721272
781629
1137052
897159
1404449
1543169
1261951
1392489
1156611
1048850
1060540
1522981
1532253
1487985
1165480
296628
869872
1128713
585917
814290
369175
443735
1366461
386463
295517
148204
1153324
141546
1351968
1044430
1489588
236732
1655438
1230169
1114646
727342
1703682
1722797
1481206
708807
1710726
391873
1423570
1104144
902509
1500650
1461674
111959
1201128
1127031
1358414
1419303
1586798
1491639
1075122
805895
1264729
50937
515373
127331
781219
741527
1514406
1734372
953153
809489
424630
1538410
89408
1715863
834371
1007181
844609
431473
788704
102261
1604716
234340
834235
1310421
1259684
1264792
1143500
651431
1199801
781129
606902
1022395
1244128
238596
1690430
1027124
1731461
304834
1654285
1255049
746547
1115152
239836
554550
263673
820857
958934
1123638
723352
565413
838758
1650197
170929
1295227
1710946
235773
1152589
783457
442507
1236869
722033
266955
84105
1489025
68389
263221
987736
1422323
781623
1349727
783445
240991
1160722
1021300
1514430
1256364
1353675
339754
1084158
488143
1739559
1020178
1711740
122608
1045114
1398773
873557
144948
915680
1143907
1414512
1526355
1264808
491608
633492
1240664
519560
1623539
936840
1184245
1521599
416224
1098622
66930
781628
1203777
1310499
1389199
1555041
550487
176525
1606188
162238
710449
990414
1390307
699918
1264946
148795
1277137
589411
665730
831774
456849
24081
1655784
417847
109870
1343221
1173378
769889
1333527
1196845
786398
1366509
1737367
1484438
621908
382944
745255
70076
914904
1178907
1307562
1114122
1705716
930502
1439029
1724413
781151
1413771
966407
715806
1192107
1521636
114958
629780
263077
1026643
241326
136253
93726
663349
1227458
781227
6269
1503753
1501642
645747
206840
1713096
1740690
1139587
1610615
303063
1674332
781815
1189411
127693
1713148
602163
340430
503729
430031
529172
677752
661963
97105
906876
1642001
1407293
356004
1192580
86684
1780367
485172
290661
1486160
839263
798678
677785
495028
236740
50612
236648
1245752
1508875
529122
836276
535188
110361
874115
147960
1344596
509100
972656
820180
1670713
888139
276175
1483421
27250
1702514
830183
1122855
