1245752
499989
874115
1255217
814042
980392
153610
1138186
811424
1317739
1508875
967994
1295890
535188
1554943
529122
33743
1491540
1023375
1591363
901101
986090
836276
346619
608634
908988
295630
910747
110361
499525
595921
610570
153602
1597497
52526
163044
939582
498529
1193463
236744
66863
294430
1486160
677386
471641
295535
1737367
529203
536723
1057776
604194
268347
1486301
1328662
679388
940496
958108
677785
606701
244531
406972
1353675
1610757
123342
1761528
236648
497197
236257
420807
598128
1389199
1358074
1491551
1501642
236358
19281
602975
382112
1645455
288807
235240
1192580
409081
1625977
1724455
1292455
1514430
962808
1143919
1550474
1554863
1139587
144948
537885
961854
629780
1588315
266955
1677882
1372415
430030
185064
820857
889123
1588792
1591371
1256364
900295
1381516
752437
125533
1007181
236740
295508
1498417
978003
1487559
734657
1264946
1487200
1569353
235992
776518
1431428
133082
1484113
235773
1033287
494593
1745027
850711
1288747
1500704
529172
491496
1618267
1311190
356004
1739430
725757
491535
120509
491488
495028
296675
488890
1123438
491222
715582
1012411
579781
945618
331148
1184245
1724962
1114122
715806
828102
469930
965366
1500650
485172
1425357
899195
431304
27881
1094385
1333527
568289
369175
377406
227310
220904
1407293
1631410
430894
1358379
889270
450459
135127
915680
1634795
722914
1526355
810136
490869
69072
81610
1674332
839263
691798
307473
844752
1022914
521251
89388
50612
746657
635785
663349
1748096
1483421
241326
1138207
340430
1436432
621908
332261
1529457
726235
1702658
1307562
1724405
1123638
1122694
1681569
1025812
1114396
295414
206840
849424
1745386
633632
1366461
785331
1001266
899220
727342
958934
1700094
29036
503755
1255049
1341398
725743
191835
170929
416224
889228
996580
374260
493020
120528
1084158
888909
1021300
78851
1110729
1026643
952378
1571847
677752
1702499
501126
301665
798678
782548
490004
545995
598915
151170
746605
781623
1143500
1427827
247721
127693
1294288
1264808
1710729
838758
645747
906876
1535431
1439029
489558
1675654
1489588
821785
240991
1004172
1561612
703432
488319
294899
820645
491608
99831
488143
746586
1483231
1178907
1496693
1392489
219985
103481
1214842
1476032
691753
1158903
223728
1358502
710449
982944
148795
1750097
1521599
745255
640230
1152589
1655438
1507350
1487123
366181
820518
746298
430031
1431414
109870
1740690
1125806
1722797
1743992
928982
785312
1025065
6269
1310421
1257585
1461674
1175184
1146923
431395
990414
1199801
999497
701238
720643
189727
1785560
269829
1205647
289421
1724413
1739559
236634
17937
1196845
1503753
1098622
929624
781629
902509
370185
709887
1604716
364317
68389
763750
1398773
1170167
1713140
258732
420068
271211
1045114
196866
86684
745235
206546
1343221
1413771
236217
840247
1484438
247480
781099
1101514
1283201
661963
1535449
296628
953153
903391
633492
1115152
1143896
1193272
1483525
1559324
1390266
386463
1440095
1702442
450007
503729
562074
1022973
1035291
891925
1543663
677981
966407
1362508
667150
1655784
797728
303063
387619
1358418
12503
1673280
1705716
125202
783461
840220
615382
867453
781628
1121844
821097
1509780
377754
1376226
47922
1048850
1587878
76382
1614206
368987
766882
424847
1376265
180459
1414512
1056294
746613
1171608
518156
1398072
265619
1236869
545302
1464123
456849
1264792
1610615
1554913
7660
259627
748327
295517
417847
162238
1333501
271084
1264729
834371
1557727
130549
1433588
1124800
1631584
1240085
1027381
1654291
353003
1246878
783445
767759
1230169
238387
1577615
691781
1490071
936840
127331
512213
24081
1143907
304834
93726
1093503
230785
1050140
515208
1086862
974149
871260
918363
725782
97105
111959
891561
838445
109855
1690859
822164
1489025
1381715
1378009
764362
1485803
1093602
1128713
921996
1060540
1490456
972454
1522653
1071713
76719
606902
503864
148204
1020933
862894
723352
1043323
515373
781134
911224
274058
1710726
1259684
1532253
488355
1390307
90444
781168
446919
899021
250445
398624
1538410
941384
1713148
130991
1780272
1462757
1310433
1715863
1740809
89408
336320
296693
1427810
785319
781159
984493
245029
746284
66930
1606188
831774
496388
266360
893257
1390024
121592
1192953
1125083
247638
1310499
1432170
155523
781151
1357779
1491639
1156611
263673
1637567
880475
239836
746048
1068202
1715253
1073620
1642001
465532
1044430
157297
783457
987736
102616
1702510
914904
382944
788704
37214
1278865
946553
263172
750237
1732634
596642
1384245
1404449
708216
1623539
869872
420219
130767
908462
78681
897159
1621758
1713714
482459
699918
1602280
495820
1227458
595058
1261150
267948
190205
455685
1476820
1654285
1438283
665868
937822
302514
339754
1137052
1023443
642732
1116832
781233
114958
1720295
218702
916823
1340906
665730
383952
1514406
433678
1703824
773749
936882
109902
1692070
458484
85053
94997
146398
439305
746547
1610305
216814
1606914
565413
617771
1022395
383017
552230
136253
781154
776932
1650197
1421781
563680
236912
1676939
53741
141546
930407
1780367
589411
489938
769620
650808
981522
1142401
1145818
175016
1703682
854699
582838
1670713
279870
1127031
223031
236732
946278
528197
726280
1050829
1731461
834235
1755737
1277137
783456
1099628
1542575
640602
259662
582332
873953
1038720
102261
783034
781176
1399715
1085169
1462330
919450
1397998
236735
58561
1244128
1173007
1713125
263077
769889
158835
1156337
602163
1613437
832829
626170
1690430
1669342
1366509
538527
1433042
1175122
1486737
777682
1714064
491313
480414
727023
570594
272005
1374020
135787
873557
694121
700358
1522981
50937
148831
458123
820075
1552400
195114
1094446
238400
1692108
918369
1189411
424630
369135
1783779
1443613
342490
376749
221623
1139444
1555041
766268
850026
1491240
222653
1427838
1160722
1271157
395142
1239176
1711740
263003
689951
884856
832649
290661
719652
782585
1349064
1750077
514024
26416
890072
777733
897755
12508
781619
1020920
469898
700088
243254
104737
2522
1329801
24137
1024201
785314
51187
1387532
820156
1020178
620736
321053
786398
1495173
781227
1676133
739203
1775759
1713096
639568
746617
1421759
1654265
146873
1053132
18641
193491
531841
1667039
236720
651431
1424168
1201128
245170
1030671
1368729
1702514
852374
1021564
84105
1358414
802873
238596
1729572
539431
1491035
1203777
781219
60160
1104144
1451638
867700
1744152
442507
314507
388540
1760594
1246447
1544204
176525
415097
1490375
1581596
1065455
115926
1361495
490733
386469
871947
494141
1192107
1087608
781815
781186
694190
1748693
1075122
1521636
241180
1393504
781129
263221
1543169
1561415
847376
1161884
354354
1419303
1627758
237137
1325176
1770207
554550
72252
882801
406334
277569
904652
204639
1512834
781609
1136385
781117
1558061
530006
742646
501043
122608
563098
820252
1173378
1521700
1174022
1733267
1422323
1310416
236641
1153324
1575759
1758760
764820
954597
501870
466696
1093545
1524840
1093482
8956
21561
1039382
814290
1734372
725935
1571134
436705
930730
822699
1293299
1156685
953833
1086773
690305
1609728
1027234
171738
741527
1304684
339345
1535155
1264948
825808
1311758
944240
196745
276175
1389768
140331
580728
1201994
921628
89237
235993
490685
1563867
860122
1183357
752963
781205
547187
492292
131331
374236
1216453
1431915
234340
852925
830183
293124
1351968
27326
71362
87061
23009
809489
1201598
1758048
1502880
207803
1256001
1485417
828606
585917
1114783
449654
1125360
254086
1274246
826528
1335263
1675111
1464663
293127
757087
616826
1174058
568681
86995
