908988
1023375
677785
69072
1255217
19281
236648
945618
602975
820518
691798
910747
635785
491496
450459
1677882
1554863
1750097
125533
236358
1610757
1057776
153610
1588792
295535
1588315
1521599
691753
366181
1597497
521251
962808
52526
406972
726235
439305
1491551
606701
1500704
679388
810136
294899
494593
1288747
331148
978003
1554943
814042
901101
536723
236740
498529
223728
288807
269829
1427827
1529457
608634
621908
1507350
89388
148795
889270
663349
240991
1114396
417847
1295890
958108
499525
268347
1550474
123342
1353675
109870
952378
499989
1358074
219985
491535
961854
488890
1561612
746586
1761528
986090
1675654
677386
227310
1486160
568289
1328662
1205647
332261
821785
1311190
746657
677752
889123
495028
967994
430894
746298
356004
703432
940496
529203
1033287
1170167
776518
81610
640230
1501642
1569353
235240
382112
491222
489558
346619
1724962
1381516
1710729
33743
235992
430030
900295
1152589
629780
266955
1425357
746605
1487559
715582
1748096
1292455
1591371
1094385
1591363
537885
1158903
241326
369175
247721
899195
840220
1004172
529122
1125806
1674332
340430
120509
135127
579781
781623
485172
294430
535188
1193463
1123438
1317739
1407293
1483231
218702
289421
746613
915680
377406
497197
1491540
820645
874115
471641
1389199
734657
1634795
50612
1012411
1084158
12503
798678
929624
1571847
1503753
490869
1143919
1645455
811424
752437
1724455
529172
1139587
1358379
1143896
1160722
266360
78851
1535431
235773
1192580
1487123
701238
1114122
503864
667150
906876
1372415
610570
1486301
430031
491488
409081
236257
821097
1431428
1745027
939582
980392
1307562
1357779
93726
424847
144948
1101514
746284
1618267
828102
1022914
295630
982944
1740690
127693
974149
6269
781628
1264808
1138207
1413771
820857
1256364
782548
598128
604194
1739430
307473
769889
1785560
545302
661963
196866
1264946
1631410
999497
120528
420807
488319
1702658
602163
834371
86684
1073620
908462
838445
222653
24081
162238
1025065
1722797
1705716
914904
781629
645747
1514430
781099
766882
431395
1642001
839263
836276
295508
1484113
236744
480414
1294288
1431414
1184245
1433042
382944
710449
844752
387619
295517
1606188
1713140
1283201
1025812
840247
1535449
745255
1625977
725757
1498417
1419303
1022395
715806
748327
990414
1526355
781233
783457
370185
26416
515208
1027381
1724413
1178907
1681569
130991
295414
1378009
1196845
420068
1703682
783456
1227458
665730
102261
781154
953153
1257585
1737367
1026643
296628
1214842
1193272
68389
180459
263077
822164
431304
1483525
831774
838758
1056294
456849
103481
1439029
545995
781151
1245752
1390266
1559324
1192107
1390307
1713096
1021300
47922
27881
431473
850711
1433588
490004
1462757
921996
1230169
1236869
936840
518156
1192953
1421781
606902
1098622
1486737
617771
1780367
114958
1713148
303063
725743
1333501
1404449
1123638
97105
1398773
290661
1007181
781159
1086862
1045114
1690859
176525
1376226
1673280
1508875
296675
1711740
802873
769620
1240664
1586798
353003
420219
482459
1610305
314507
206840
816246
897159
1351968
814290
433678
651431
1775759
1654285
1521636
946553
141546
891925
1490375
805895
893257
834235
781219
1655784
1745386
250445
1030671
29036
972454
783445
111959
1481206
776932
1710726
236634
377754
488143
966407
1189411
633492
1362508
1048850
247480
1143500
873557
1333527
1670713
1376265
247638
1621758
1743992
1121844
133082
1650197
1392489
1476032
595921
245176
349828
127331
259702
958934
243254
50937
585917
1229672
1075122
608841
219687
151170
1744152
1384245
788704
1023443
884856
71362
903910
241180
965366
550487
529146
746617
1043323
1483421
1509780
1261951
869872
727023
1654291
897755
1424168
781134
1022973
1538410
185064
1623539
1491639
582332
781186
785331
265619
554550
1610615
170929
1655438
1484438
773749
1137052
503729
66930
89408
1489025
1631584
1038720
781815
216814
746547
996580
1604716
1715863
1731461
1715253
1060540
1366509
416224
1310499
491608
453593
1758048
1307830
981144
1368729
60160
1542575
852374
1519649
1183357
852925
1669342
517759
783302
242543
90444
35166
239836
1464663
425130
364317
267948
376749
1020933
342902
888909
263673
767759
1770345
781609
495820
615382
467390
841061
383952
190205
234340
1387532
51187
1333950
1414512
1095409
721272
1020178
919450
903391
130549
782585
1713125
175016
745742
880475
1260511
1201128
722033
565413
220904
1340906
1464123
259627
1710946
443735
757087
236735
163044
1295227
496388
1724405
1358502
1102373
1462330
12508
1702510
981522
274058
1554913
1702514
1255049
271211
1489588
781117
937822
1071713
832829
17937
1203777
741527
235993
1050829
1174237
236217
1614206
76382
766268
1422323
374260
781168
135787
763750
1239176
189727
374236
642732
18641
1122694
781227
102616
777682
271084
148204
1127031
849424
786398
109855
783461
911224
136253
677981
1487200
386463
1366461
469930
785319
1421759
936882
153602
1587878
745235
1500650
66863
489431
800456
30153
224623
890929
106830
275485
1174072
13834
626509
643798
750237
204639
306942
27326
1577615
1027234
1571134
526817
1165480
1544448
76719
59735
1131898
52565
1676133
1093602
918873
570594
363854
238596
1653751
1712367
633632
547187
1769715
1110729
216966
1316275
1427838
1311758
157249
959191
1700094
1495173
1373835
1176498
785314
1731407
1128713
512395
1702499
268081
1544204
530006
238400
130767
1124800
492292
1328726
1093503
1702442
512138
1153324
357209
1637567
1146923
694121
1020881
1761147
1324188
1138186
1426661
488355
1514406
1552400
809489
531841
1512834
272005
745526
1243534
1561415
1044430
708807
596642
785470
1043220
368987
391873
230785
781176
781129
1543169
1755737
1692070
1277555
1175184
305693
727342
263172
1261150
1264729
519560
1377994
930502
158835
245029
745246
290474
302514
1690430
1068202
1259684
1461674
1398072
916823
1393504
469898
890072
899220
11518
122608
1555041
261787
764362
1240085
490733
1740809
723352
811493
1115152
1728577
834641
1374020
1277137
1143907
7660
928982
562074
719652
1087608
987736
1244128
1358418
1443613
1490456
871947
304834
493020
902509
1404431
722914
1003910
1114646
785312
383017
563680
1199801
783034
263221
1310421
70076
84105
424630
146873
1050140
639568
1343221
244531
110361
609196
1325176
1134445
918369
866703
1724404
1564031
1493302
1572013
559109
1404442
259662
1710777
1487987
1333913
1489123
1086773
783452
173020
1361256
85539
8956
1485803
854699
926424
1733267
1303932
1138002
256175
642603
1186183
826528
1278865
538527
744319
781627
150068
720643
1020920
103188
279870
235496
739203
1773174
398110
620736
355415
62806
1758760
158902
682905
238387
1099628
1506790
844609
1156611
828606
485239
18818
1374705
27250
311378
1349727
392974
1554923
1045418
182974
1440095
817721
1783103
140331
539431
1432170
1060659
699745
1558355
438674
1116832
694190
258732
1104144
509100
1183303
862894
1085169
1245167
1145818
157297
1694683
1309321
1219557
223031
491313
902698
432797
665868
462844
552230
1085688
582838
86995
1713089
763763
1333535
910517
1152013
1173378
52530
491677
843523
781197
1035291
1264714
763575
1770207
953833
1242632
1194312
1438283
799703
1453929
1692108
430041
1027124
431410
1112998
1329801
501917
1007684
1654265
1423570
781619
1212558
323797
1142401
1713714
388012
1257098
1558061
1732686
847376
321053
725782
1729572
1423547
24137
820156
640602
237137
1024201
700098
466696
58561
820252
263003
725751
817676
147960
1732634
1238781
1436432
489938
1173007
626170
115926
1765385
221623
485975
1750077
1065455
1037933
1760594
1490071
125202
1389818
296693
1774171
108221
191835
1125083
821904
1521700
1496693
99831
793792
1686171
1038188
1135367
1010821
195114
404365
2108
797728
288118
1397909
822759
1783779
563098
301665
189214
873953
1358414
1264792
121592
1431915
1581596
941384
115608
146398
236732
1369903
1397998
442507
466867
492013
37214
1341398
342490
958054
217204
386469
455685
1758991
1037720
193491
167639
1381715
785434
251443
53741
781205
515373
1522981
691781
1532253
339345
1104008
589411
1403807
820075
1355723
354354
700358
1524840
512213
891561
899021
900309
891244
318255
1337681
1427810
654991
1399715
1676939
699918
109902
1734372
206546
339754
1057579
1171608
1739559
746048
1139444
850026
709887
1481338
1535155
94997
